4.677842e+01    0     729.926804    2882.399258
4.584285e+01    9     720.189139    2851.275112
4.492600e+01    9     710.356889    2819.812512
4.402748e+01    8     700.919205    2789.591469
4.314693e+01    8     691.862568    2760.569329
4.228399e+01    9     683.171900    2732.698397
4.143831e+01    8     674.832704    2705.932859
4.060954e+01    8     666.831052    2680.228735
3.979735e+01    8     659.153563    2655.543804
3.900141e+01    8     651.787382    2631.837535
3.822138e+01    8     644.720156    2609.071016
3.745695e+01    8     637.940021    2587.206892
3.670781e+01    8     631.435576    2566.209299
3.597365e+01    8     625.195869    2546.043808
3.525418e+01    8     619.210378    2526.677362
3.454910e+01    8     613.468994    2508.078224
3.385812e+01    9     607.936087    2490.095381
3.318095e+01    9     602.589366    2472.636292
3.251733e+01    9     597.425274    2455.698228
3.186699e+01    9     592.437094    2439.267459
3.122965e+01    9     587.618458    2423.330766
3.060505e+01    9     582.963329    2407.875423
2.999295e+01    9     578.465969    2392.889136
2.939309e+01    9     574.120914    2378.359979
2.880523e+01   10     569.791730    2363.734329
2.822913e+01   10     565.484192    2349.050406
2.766455e+01   10     561.248427    2334.531648
2.711125e+01   10     557.112888    2320.308941
2.656903e+01   10     553.094122    2306.460119
2.603765e+01   10     549.200894    2293.028537
2.551690e+01   10     545.436961    2280.035401
2.500656e+01   10     541.802889    2267.487858
2.450643e+01   10     538.297255    2255.384252
2.401630e+01   10     534.917420    2243.717513
2.353597e+01   10     531.660027    2232.477324
2.306525e+01   10     528.521322    2221.651514
2.260395e+01   11     525.496315    2211.219181
2.215187e+01   11     522.578701    2201.148301
2.170883e+01   11     519.766677    2191.436318
2.127466e+01   11     517.056848    2182.074562
2.084916e+01   11     514.445695    2173.053317
2.043218e+01   11     511.929675    2164.362295
2.002354e+01   11     509.505283    2155.990930
1.962306e+01   11     507.169087    2147.928585
1.923060e+01   11     504.917754    2140.164677
1.884599e+01   11     502.748054    2132.688768
1.846907e+01   11     500.656873    2125.490623
1.809969e+01   11     498.641211    2118.560246
1.773770e+01   11     496.698179    2111.887901
1.738294e+01   11     494.825001    2105.464133
1.703528e+01   11     493.019006    2099.279771
1.669458e+01   11     491.277631    2093.325934
1.636069e+01   11     489.598408    2087.594028
1.603347e+01   11     487.978971    2082.075748
1.571280e+01   11     486.417043    2076.763072
1.539855e+01   11     484.910437    2071.648259
1.509058e+01   11     483.457052    2066.723836
1.478876e+01   11     482.054868    2061.982602
1.449299e+01   13     480.707820    2057.433301
1.420313e+01   13     479.416950    2053.080698
1.391907e+01   13     478.170946    2048.888067
1.364069e+01   13     476.965168    2044.839561
1.336787e+01   14     475.766677    2040.861837
1.310051e+01   15     474.573728    2036.935689
1.283850e+01   16     473.372889    2033.030292
1.258173e+01   16     472.171950    2029.166145
1.233010e+01   16     470.980817    2025.367253
1.208350e+01   17     469.802198    2021.638797
1.184183e+01   17     468.618558    2017.933829
1.160499e+01   17     467.447592    2014.295293
1.137289e+01   18     466.298221    2010.744559
1.114543e+01   18     465.174527    2007.290745
1.092252e+01   18     464.078178    2003.936880
1.070407e+01   18     463.009784    2000.683462
1.048999e+01   18     461.969384    1997.529610
1.028019e+01   18     460.956716    1994.473736
1.007459e+01   18     459.971357    1991.513876
9.873097e+00   19     459.015791    1988.653081
9.675635e+00   21     458.084550    1985.877654
9.482122e+00   21     457.172432    1983.174445
9.292480e+00   21     456.284236    1980.554985
9.106630e+00   21     455.420622    1978.020046
8.924498e+00   20     454.572533    1975.512284
8.746008e+00   19     453.719434    1973.004139
8.571088e+00   18     452.973253    1970.871062
8.399666e+00   18     452.275626    1968.878353
8.231673e+00   17     451.609650    1966.981881
8.067039e+00   17     450.968977    1965.165895
7.905698e+00   17     450.350502    1963.422300
7.747584e+00   17     449.752564    1961.746380
7.592633e+00   18     449.174151    1960.134928
7.440780e+00   19     448.614142    1958.584598
7.291964e+00   19     448.072071    1957.093437
7.146125e+00   22     447.511871    1955.550536
7.003203e+00   21     446.966285    1954.036933
6.863139e+00   20     446.439894    1952.571702
6.725876e+00   20     445.936400    1951.163744
6.591358e+00   20     445.454173    1949.811161
6.459531e+00   21     444.991598    1948.511501
6.330340e+00   21     444.527965    1947.096096
6.203734e+00   24     444.027457    1945.392483
6.079659e+00   24     443.490946    1943.596918
5.958066e+00   25     442.954400    1941.821785
5.838904e+00   25     442.416578    1940.078823
5.722126e+00   24     441.892385    1938.393937
5.607684e+00   24     441.384666    1936.771275
5.495530e+00   26     440.887181    1935.192826
5.385620e+00   26     440.400825    1933.656607
5.277907e+00   29     439.901728    1932.018403
5.172349e+00   30     439.413190    1930.418107
5.068902e+00   30     438.941224    1928.879201
4.967524e+00   32     438.375922    1926.914109
4.868174e+00   34     437.632144    1924.258662
4.770810e+00   37     436.754308    1921.161364
4.675394e+00   37     435.804092    1917.770292
4.581886e+00   38     434.813416    1914.181926
4.490248e+00   38     433.797947    1910.463707
4.400443e+00   39     432.779294    1906.724807
4.312434e+00   39     431.769746    1903.013495
4.226186e+00   41     430.775001    1899.338778
4.141662e+00   41     429.797785    1895.716825
4.058829e+00   42     428.837566    1892.147245
3.977652e+00   42     427.894135    1888.630751
3.898099e+00   42     426.967812    1885.168268
3.820137e+00   42     426.059020    1881.761786
3.743734e+00   41     425.145999    1878.338347
3.668860e+00   41     424.195341    1874.787136
3.595483e+00   43     423.311268    1871.166672
3.523573e+00   43     422.448600    1867.617005
3.453101e+00   43     421.606778    1864.145225
3.384039e+00   43     420.785969    1860.748703
3.316359e+00   43     419.985977    1857.425577
3.250031e+00   44     419.206345    1854.173906
3.185031e+00   44     418.446998    1850.993830
3.121330e+00   46     417.715424    1847.833316
3.058904e+00   45     416.994418    1844.687501
2.997726e+00   46     416.263493    1841.523791
2.937771e+00   45     415.557796    1838.402279
2.879016e+00   45     414.857290    1835.339700
2.821435e+00   45     414.157953    1832.321944
2.765007e+00   46     413.481488    1829.291651
2.709706e+00   46     412.825967    1826.321735
2.655512e+00   45     412.179749    1823.402362
2.602402e+00   45     411.555123    1820.571304
2.550354e+00   45     410.954699    1817.829623
2.499347e+00   45     410.375766    1815.168221
2.449360e+00   45     409.816699    1812.583636
2.400373e+00   47     409.270789    1810.049405
2.352365e+00   48     408.730997    1807.536876
2.305318e+00   49     408.203123    1805.048397
2.259212e+00   50     407.685686    1802.593563
2.214027e+00   49     407.176724    1800.193693
2.169747e+00   49     406.678731    1797.852665
2.126352e+00   48     406.179326    1795.571476
2.083825e+00   48     405.673348    1793.320625
2.042148e+00   49     405.185235    1791.024576
2.001305e+00   49     404.732735    1788.803505
1.961279e+00   49     404.297183    1786.656343
1.922054e+00   50     403.873989    1784.572894
1.883613e+00   50     403.456714    1782.540235
1.845940e+00   50     403.054111    1780.565748
1.809022e+00   51     402.664895    1778.647045
1.772841e+00   51     402.279160    1776.755758
1.737384e+00   51     401.901151    1774.901525
1.702637e+00   51     401.531792    1773.088331
1.668584e+00   52     401.173644    1771.315956
1.635212e+00   54     400.830969    1769.574296
1.602508e+00   55     400.496065    1767.847753
1.570458e+00   58     400.170449    1766.097895
1.539049e+00   59     399.839931    1764.320935
1.508268e+00   60     399.527855    1762.549523
1.478102e+00   60     399.214812    1760.808821
1.448540e+00   61     398.929363    1759.081844
1.419570e+00   63     398.661779    1757.392354
1.391178e+00   63     398.414433    1755.724766
1.363355e+00   64     398.182744    1754.090587
1.336087e+00   64     397.964282    1752.494328
1.309366e+00   64     397.745546    1750.901155
1.283178e+00   63     397.540228    1749.323650
1.257515e+00   65     397.348802    1747.745951
1.232365e+00   65     397.166616    1746.190822
1.207717e+00   65     396.995818    1744.663796
1.183563e+00   70     396.847068    1743.151376
1.159892e+00   74     396.721273    1741.641282
1.136694e+00   74     396.608617    1740.140153
1.113960e+00   76     396.493684    1738.652883
1.091681e+00   80     396.385443    1737.166207
1.069847e+00   84     396.311274    1735.684531
1.048450e+00   84     396.262139    1734.224171
1.027481e+00   84     396.227400    1732.796276
1.006932e+00   85     396.213481    1731.385253
9.867929e-01   85     396.209873    1729.996767
9.670571e-01   85     396.213372    1728.638324
9.477159e-01   86     396.225241    1727.305598
9.287616e-01   87     396.242740    1725.981842
9.101864e-01   91     396.272175    1724.651398
8.919827e-01   95     396.298948    1723.316234
8.741430e-01   94     396.305713    1721.995875
8.566601e-01   95     396.327186    1720.694112
8.395269e-01   97     396.377105    1719.400861
8.227364e-01   98     396.433156    1718.115184
8.062817e-01  103     396.505164    1716.854127
7.901560e-01  113     396.602873    1715.597167
7.743529e-01  110     396.683993    1714.344641
7.588659e-01  108     396.738804    1713.105754
7.436885e-01  106     396.775386    1711.885305
7.288148e-01  108     396.800800    1710.677762
7.142385e-01  111     396.828609    1709.480304
6.999537e-01  114     396.889526    1708.261651
6.859546e-01  113     396.959829    1707.034638
6.722355e-01  114     397.031530    1705.819573
6.587908e-01  114     397.111565    1704.606596
6.456150e-01  115     397.201361    1703.395002
6.327027e-01  116     397.295153    1702.178210
6.200487e-01  116     397.389944    1700.964468
6.076477e-01  120     397.476721    1699.758115
5.954947e-01  121     397.553531    1698.558741
5.835848e-01  118     397.618791    1697.375791
5.719131e-01  120     397.677367    1696.204953
5.604749e-01  121     397.731089    1695.043850
5.492654e-01  123     397.783615    1693.895182
5.382801e-01  123     397.843821    1692.754281
5.275145e-01  122     397.915564    1691.619987
5.169642e-01  122     397.979076    1690.499527
5.066249e-01  121     398.012041    1689.405015
4.964924e-01  121     398.041857    1688.353177
4.865626e-01  122     398.058802    1687.320034
4.768313e-01  123     398.078427    1686.301333
4.672947e-01  125     398.096449    1685.294607
4.579488e-01  124     398.108523    1684.299350
4.487898e-01  128     398.137880    1683.320396
4.398140e-01  129     398.173598    1682.353033
4.310177e-01  128     398.209596    1681.403173
4.223974e-01  128     398.243131    1680.471529
4.139494e-01  129     398.274494    1679.558225
4.056704e-01  133     398.318262    1678.657866
3.975570e-01  132     398.367645    1677.773600
3.896059e-01  133     398.413587    1676.906363
3.818138e-01  138     398.447335    1676.048960
3.741775e-01  139     398.478657    1675.194097
3.666939e-01  140     398.508304    1674.339586
3.593601e-01  143     398.539831    1673.485562
3.521729e-01  144     398.587136    1672.631659
3.451294e-01  145     398.647151    1671.780319
3.382268e-01  147     398.711944    1670.931690
3.314623e-01  150     398.778047    1670.086428
3.248330e-01  151     398.851176    1669.241331
3.183364e-01  150     398.929989    1668.397721
3.119697e-01  151     399.009130    1667.560553
3.057303e-01  151     399.089969    1666.732807
2.996157e-01  154     399.171371    1665.916238
2.936233e-01  160     399.251197    1665.111177
2.877509e-01  165     399.329816    1664.318574
2.819959e-01  165     399.407159    1663.539294
2.763559e-01  165     399.483621    1662.773946
2.708288e-01  171     399.560025    1662.018604
2.654122e-01  171     399.626442    1661.271961
2.601040e-01  172     399.686931    1660.533926
2.549019e-01  175     399.740027    1659.801840
2.498039e-01  177     399.784877    1659.075223
2.448078e-01  178     399.823375    1658.355662
2.399116e-01  181     399.861608    1657.643861
2.351134e-01  180     399.902170    1656.944172
2.304111e-01  182     399.934298    1656.258083
2.258029e-01  186     399.960283    1655.581427
2.212869e-01  188     399.983971    1654.911951
2.168611e-01  187     400.008396    1654.249699
2.125239e-01  187     400.033206    1653.594734
2.082734e-01  189     400.058032    1652.948237
2.041080e-01  193     400.083997    1652.307495
2.000258e-01  188     400.110581    1651.672100
1.960253e-01  186     400.137240    1651.043343
1.921048e-01  189     400.162406    1650.421894
1.882627e-01  189     400.185618    1649.804894
1.844974e-01  193     400.200552    1649.194182
1.808075e-01  194     400.212647    1648.592432
1.771913e-01  193     400.237363    1648.001127
1.736475e-01  193     400.272316    1647.422194
1.701746e-01  195     400.319115    1646.853435
1.667711e-01  195     400.371250    1646.294383
1.634356e-01  197     400.424985    1645.745068
1.601669e-01  197     400.478083    1645.206277
1.569636e-01  197     400.524137    1644.678294
1.538243e-01  197     400.570123    1644.158574
1.507478e-01  198     400.619783    1643.646648
1.477329e-01  197     400.668775    1643.142873
1.447782e-01  202     400.717452    1642.647025
1.418827e-01  201     400.772580    1642.161438
1.390450e-01  203     400.826483    1641.685000
1.362641e-01  203     400.876830    1641.216996
1.335388e-01  204     400.925388    1640.757446
1.308680e-01  203     400.974622    1640.306369
1.282507e-01  206     401.024697    1639.863200
1.256857e-01  211     401.073904    1639.427269
1.231720e-01  213     401.122725    1638.997942
1.207085e-01  216     401.170567    1638.575670
1.182943e-01  217     401.209067    1638.159555
1.159285e-01  215     401.241749    1637.750047
1.136099e-01  217     401.270110    1637.347334
1.113377e-01  217     401.294971    1636.951307
1.091109e-01  221     401.315654    1636.561664
1.069287e-01  224     401.331697    1636.178418
1.047901e-01  224     401.344998    1635.801450
1.026943e-01  225     401.353896    1635.430380
1.006405e-01  226     401.358886    1635.064767
9.862764e-02  226     401.361250    1634.706138
9.665509e-02  228     401.364639    1634.352716
9.472199e-02  231     401.368656    1634.002906
9.282755e-02  232     401.375198    1633.655785
9.097100e-02  232     401.383836    1633.311417
8.915158e-02  238     401.392971    1632.970059
8.736855e-02  238     401.402644    1632.630765
8.562118e-02  240     401.414108    1632.292859
8.390875e-02  241     401.432581    1631.958121
8.223058e-02  238     401.453364    1631.627166
8.058597e-02  242     401.471963    1631.300331
7.897425e-02  241     401.488123    1630.977490
7.739476e-02  241     401.503101    1630.658481
7.584687e-02  244     401.510762    1630.342936
7.432993e-02  246     401.523690    1630.031654
7.284333e-02  242     401.536868    1629.724421
7.138646e-02  245     401.550079    1629.420964
6.995873e-02  243     401.562838    1629.121386
6.855956e-02  247     401.573393    1628.825599
6.718837e-02  246     401.582641    1628.533522
6.584460e-02  249     401.591266    1628.245034
6.452771e-02  252     401.599199    1627.959885
6.323716e-02  253     401.606471    1627.677776
6.197241e-02  252     401.601965    1627.398721
6.073296e-02  254     401.593068    1627.122772
5.951830e-02  256     401.590917    1626.849826
5.832794e-02  257     401.592490    1626.579818
5.716138e-02  257     401.587538    1626.312289
5.601815e-02  259     401.589633    1626.048069
5.489779e-02  265     401.594345    1625.786148
5.379983e-02  267     401.599581    1625.526567
5.272384e-02  269     401.605967    1625.268779
5.166936e-02  271     401.615199    1625.010764
5.063597e-02  276     401.622204    1624.754887
4.962325e-02  276     401.630152    1624.501096
4.863079e-02  274     401.639312    1624.249400
4.765817e-02  278     401.647363    1623.999721
4.670501e-02  282     401.655025    1623.752155
4.577091e-02  285     401.662738    1623.506487
4.485549e-02  283     401.667652    1623.262702
4.395838e-02  287     401.669571    1623.021072
4.307921e-02  291     401.674681    1622.781513
4.221763e-02  292     401.683321    1622.543779
4.137328e-02  296     401.694050    1622.307845
4.054581e-02  299     401.706085    1622.073629
3.973489e-02  297     401.718821    1621.841106
3.894020e-02  301     401.732200    1621.610242
3.816139e-02  307     401.746409    1621.380990
3.739817e-02  309     401.761204    1621.153364
3.665020e-02  310     401.776336    1620.927317
3.591720e-02  313     401.791795    1620.703011
3.519885e-02  320     401.807199    1620.480487
3.449488e-02  319     401.822389    1620.259789
3.380498e-02  318     401.837296    1620.040937
3.312888e-02  327     401.851902    1619.823876
3.246630e-02  331     401.866516    1619.608661
3.181698e-02  336     401.881226    1619.395357
3.118064e-02  332     401.896003    1619.184009
3.055702e-02  341     401.918490    1618.974215
2.994588e-02  339     401.935319    1618.765499
2.934697e-02  344     401.948576    1618.558269
2.876003e-02  345     401.959879    1618.352997
2.818483e-02  347     401.970194    1618.149794
2.762113e-02  347     401.980981    1617.948647
2.706871e-02  352     401.991755    1617.749531
2.652733e-02  356     402.005008    1617.552302
2.599679e-02  358     402.017658    1617.357053
2.547685e-02  363     402.029233    1617.163751
2.496731e-02  363     402.038850    1616.972419
2.446797e-02  374     402.046845    1616.783255
2.397861e-02  376     402.052983    1616.596474
2.349904e-02  384     402.060429    1616.411550
2.302905e-02  387     402.068712    1616.228528
2.256847e-02  394     402.077318    1616.047426
2.211710e-02  387     402.085987    1615.868237
2.167476e-02  401     402.094827    1615.690930
2.124127e-02  401     402.104096    1615.515478
2.081644e-02  404     402.113910    1615.341878
2.040011e-02  407     402.123594    1615.170006
1.999211e-02  407     402.133717    1614.999820
1.959227e-02  413     402.144836    1614.831031
1.920042e-02  415     402.155326    1614.664161
1.881641e-02  420     402.165889    1614.499117
1.844009e-02  419     402.176112    1614.335887
1.807128e-02  423     402.186350    1614.174446
1.770986e-02  427     402.196622    1614.014769
1.735566e-02  432     402.206586    1613.856792
1.700855e-02  448     402.216771    1613.700423
1.666838e-02  442     402.226780    1613.545620
1.633501e-02  453     402.236596    1613.392380
1.600831e-02  461     402.246261    1613.240693
1.568814e-02  471     402.255840    1613.090568
1.537438e-02  471     402.265706    1612.941962
1.506689e-02  478     402.276054    1612.794826
1.476555e-02  467     402.286911    1612.649149
1.447024e-02  469     402.298232    1612.504866
1.418084e-02  464     402.309831    1612.362024
1.389722e-02  469     402.321590    1612.220639
1.361928e-02  471     402.333442    1612.080701
1.334689e-02  468     402.345320    1611.942201
1.307995e-02  475     402.357206    1611.805123
1.281836e-02  474     402.368846    1611.669459
1.256199e-02  479     402.380205    1611.535210
1.231075e-02  476     402.391380    1611.402372
1.206453e-02  488     402.402860    1611.270923
1.182324e-02  486     402.414504    1611.140845
1.158678e-02  501     402.426111    1611.012118
1.135504e-02  501     402.437621    1610.884693
1.112794e-02  507     402.448878    1610.758616
1.090538e-02  506     402.459732    1610.633886
1.068728e-02  505     402.470285    1610.510483
1.047353e-02  508     402.480631    1610.388383
1.026406e-02  520     402.490822    1610.267563
1.005878e-02  522     402.500861    1610.148000
9.857602e-03  507     402.510619    1610.029688
9.660450e-03  525     402.520049    1609.912616
9.467241e-03  530     402.529152    1609.796775
9.277896e-03  531     402.537895    1609.682145
9.092338e-03  528     402.545912    1609.568687
8.910492e-03  524     402.553341    1609.456400
8.732282e-03  520     402.559309    1609.345207
8.557636e-03  538     402.565280    1609.235132
8.386483e-03  539     402.572351    1609.126192
8.218754e-03  539     402.579051    1609.018371
8.054379e-03  543     402.585429    1608.911670
7.893291e-03  540     402.591697    1608.806061
7.735425e-03  539     402.597615    1608.701521
7.580717e-03  541     402.603524    1608.598037
7.429102e-03  540     402.609370    1608.495597
7.280520e-03  546     402.615763    1608.394172
7.134910e-03  549     402.621864    1608.293745
6.992212e-03  567     402.627798    1608.194302
6.852368e-03  561     402.633805    1608.095841
6.715320e-03  565     402.639874    1607.998364
6.581014e-03  569     402.645780    1607.901840
6.449394e-03  566     402.651559    1607.806260
6.320406e-03  561     402.656842    1607.711574
6.193998e-03  562     402.661907    1607.617802
6.070118e-03  567     402.666862    1607.524937
5.948715e-03  576     402.671648    1607.432970
5.829741e-03  587     402.676124    1607.341879
5.713146e-03  600     402.680415    1607.251648
5.598883e-03  607     402.684610    1607.162290
5.486906e-03  605     402.688831    1607.073787
5.377167e-03  605     402.693163    1606.986148
5.269624e-03  615     402.697902    1606.899411
5.164232e-03  617     402.702343    1606.813504
5.060947e-03  623     402.706645    1606.728412
4.959728e-03  624     402.710912    1606.644123
4.860533e-03  625     402.715184    1606.560622
4.763323e-03  630     402.719488    1606.477897
4.668056e-03  631     402.723848    1606.395938
4.574695e-03  623     402.728276    1606.314736
4.483201e-03  629     402.732798    1606.234281
4.393537e-03  637     402.737406    1606.154563
4.305667e-03  645     402.742102    1606.075573
4.219553e-03  644     402.746870    1605.997303
4.135162e-03  651     402.751737    1605.919744
4.052459e-03  646     402.756741    1605.842886
3.971410e-03  658     402.761867    1605.766719
3.891982e-03  647     402.767104    1605.691236
3.814142e-03  643     402.772390    1605.616432
3.737859e-03  646     402.777739    1605.542298
3.663102e-03  657     402.783214    1605.468820
3.589840e-03  668     402.788784    1605.395987
3.518043e-03  670     402.794448    1605.323796
3.447682e-03  670     402.800371    1605.252227
3.378729e-03  668     402.806688    1605.181328
3.311154e-03  684     402.813180    1605.111075
3.244931e-03  684     402.819729    1605.041453
3.180032e-03  689     402.826562    1604.972451
3.116432e-03  691     402.833548    1604.904050
3.054103e-03  690     402.840505    1604.836242
2.993021e-03  697     402.847454    1604.769016
2.933161e-03  700     402.853045    1604.702464
2.874497e-03  691     402.859390    1604.636498
2.817007e-03  704     402.865825    1604.571111
2.760667e-03  697     402.872336    1604.506282
2.705454e-03  707     402.878916    1604.442001
2.651345e-03  717     402.885559    1604.378259
2.598318e-03  715     402.892260    1604.315047
2.546352e-03  713     402.899013    1604.252355
2.495425e-03  726     402.905798    1604.190178
2.445516e-03  724     402.914034    1604.128491
2.396606e-03  726     402.921341    1604.067317
2.348674e-03  732     402.928578    1604.006635
2.301700e-03  728     402.935829    1603.946439
2.255666e-03  731     402.942815    1603.886750
2.210553e-03  729     402.950275    1603.827541
2.166342e-03  742     402.957659    1603.768794
2.123015e-03  734     402.964942    1603.710502
2.080555e-03  745     402.972145    1603.652660
2.038944e-03  739     402.979284    1603.595263
1.998165e-03  745     402.986381    1603.538304
1.958201e-03  741     402.993450    1603.481777
1.919037e-03  732     403.000507    1603.425677
1.880657e-03  749     403.007557    1603.369998
1.843043e-03  755     403.014606    1603.314736
1.806183e-03  752     403.021664    1603.259883
1.770059e-03  765     403.028731    1603.205436
1.734658e-03  753     403.035803    1603.151392
1.699965e-03  755     403.042879    1603.097744
1.665965e-03  756     403.049757    1603.044485
1.632646e-03  760     403.056900    1602.991620
1.599993e-03  771     403.064026    1602.939138
1.567993e-03  764     403.071148    1602.887035
1.536633e-03  767     403.078280    1602.835306
1.505901e-03  760     403.085658    1602.783953
1.475783e-03  762     403.093924    1602.733002
1.446267e-03  762     403.100985    1602.682391
1.417342e-03  769     403.107866    1602.632129
1.388995e-03  767     403.114744    1602.582219
1.361215e-03  777     403.121722    1602.532661
1.333991e-03  772     403.128673    1602.483446
1.307311e-03  783     403.135581    1602.434570
1.281165e-03  781     403.142513    1602.386029
1.255541e-03  777     403.149487    1602.337818
1.230430e-03  786     403.156507    1602.289935
1.205822e-03  780     403.163560    1602.242375
1.181705e-03  784     403.170652    1602.195134
1.158071e-03  782     403.177786    1602.148211
1.134910e-03  788     403.184950    1602.101600
1.112212e-03  787     403.192139    1602.055297
1.089967e-03  782     403.199350    1602.009300
1.068168e-03  790     403.206579    1601.963605
1.046805e-03  784     403.213823    1601.918209
1.025869e-03  794     403.221079    1601.873106
1.005351e-03  794     403.228332    1601.828295
9.852443e-04  803     403.235569    1601.783771
9.655394e-04  801     403.242817    1601.739531
9.462286e-04  800     403.248932    1601.695573
9.273040e-04  801     403.256046    1601.651895
9.087579e-04  800     403.263429    1601.608491
8.905828e-04  806     403.270900    1601.565358
8.727711e-04  803     403.278382    1601.522493
8.553157e-04  805     403.285852    1601.479893
8.382094e-04  810     403.293310    1601.437557
8.214452e-04  805     403.300776    1601.395483
8.050163e-04  804     403.308293    1601.353670
7.889160e-04  801     403.315856    1601.312110
7.731377e-04  814     403.323412    1601.270799
7.576749e-04  804     403.330951    1601.229734
7.425214e-04  810     403.338468    1601.188914
7.276710e-04  817     403.345968    1601.148336
7.131176e-04  806     403.353271    1601.107997
6.988552e-04  808     403.360558    1601.067896
6.848781e-04  816     403.367845    1601.028028
6.711805e-04  808     403.375132    1600.988393
6.577569e-04  807     403.382419    1600.948986
6.446018e-04  813     403.389703    1600.909806
6.317098e-04  810     403.396970    1600.870849
6.190756e-04  810     403.404219    1600.832113
6.066940e-04  828     403.411450    1600.793597
5.945602e-04  826     403.418661    1600.755298
5.826690e-04  820     403.425853    1600.717214
5.710156e-04  819     403.433026    1600.679342
5.595953e-04  818     403.440168    1600.641681
5.484034e-04  829     403.447294    1600.604227
5.374353e-04  822     403.454404    1600.566980
5.266866e-04  827     403.461489    1600.529937
5.161529e-04  852     403.468555    1600.493095
5.058298e-04  834     403.475613    1600.456454
4.957132e-04  833     403.482651    1600.420009
4.857989e-04  834     403.489667    1600.383761
4.760830e-04  835     403.496662    1600.347706
4.665613e-04  835     403.503635    1600.311842
4.572301e-04  835     403.510585    1600.276169
4.480855e-04  843     403.517514    1600.240683
4.391238e-04  853     403.524423    1600.205384
4.303413e-04  851     403.531310    1600.170268
4.217345e-04  848     403.538176    1600.135335
4.132998e-04  858     403.545014    1600.100582
4.050338e-04  859     403.551835    1600.066008
3.969331e-04  857     403.558637    1600.031611
3.889944e-04  862     403.565419    1599.997389
3.812146e-04  866     403.572128    1599.963344
3.735903e-04  858     403.578881    1599.929470
3.661185e-04  866     403.585599    1599.895766
3.587961e-04  868     403.592309    1599.862225
3.516202e-04  859     403.598955    1599.828852
3.445878e-04  881     403.605577    1599.795643
3.376960e-04  872     403.612174    1599.762599
3.309421e-04  873     403.618752    1599.729716
3.243232e-04  874     403.625310    1599.696995
3.178368e-04  878     403.631850    1599.664432
3.114800e-04  875     403.638369    1599.632027
3.052504e-04  872     403.644868    1599.599778
2.991454e-04  887     403.651347    1599.567683
2.931625e-04  885     403.657806    1599.535741
2.872993e-04  879     403.664265    1599.503951
2.815533e-04  872     403.670711    1599.472312
2.759222e-04  888     403.677116    1599.440822
2.704038e-04  888     403.683492    1599.409479
2.649957e-04  887     403.689790    1599.378282
2.596958e-04  893     403.696000    1599.347230
2.545019e-04  901     403.702199    1599.316322
2.494118e-04  885     403.708422    1599.285555
2.444236e-04  894     403.714667    1599.254928
2.395351e-04  886     403.720903    1599.224440
2.347444e-04  886     403.727121    1599.194089
2.300495e-04  885     403.733314    1599.163875
2.254485e-04  886     403.739371    1599.133797
2.209396e-04  885     403.745575    1599.103854
2.165208e-04  891     403.751773    1599.074044
2.121904e-04  895     403.757950    1599.044367
2.079466e-04  893     403.764102    1599.014821
2.037876e-04  893     403.770295    1598.985401
1.997119e-04  896     403.776449    1598.956109
1.957176e-04  899     403.782564    1598.926945
1.918033e-04  900     403.788642    1598.897907
1.879672e-04  891     403.794682    1598.868995
1.842079e-04  890     403.800684    1598.840207
1.805237e-04  895     403.806648    1598.811542
1.769132e-04  888     403.812574    1598.782999
1.733750e-04  896     403.818462    1598.754577
1.699075e-04  896     403.824316    1598.726274
1.665093e-04  883     403.830138    1598.698091
1.631791e-04  899     403.835927    1598.670025
1.599156e-04  896     403.841642    1598.642077
1.567173e-04  902     403.847327    1598.614244
1.535829e-04  908     403.852983    1598.586525
1.505112e-04  910     403.858634    1598.558924
1.475010e-04  917     403.864235    1598.531435
1.445510e-04  908     403.869817    1598.504058
1.416600e-04  912     403.875445    1598.476793
1.388268e-04  905     403.880995    1598.449637
1.360502e-04  918     403.886516    1598.422591
1.333292e-04  911     403.891987    1598.395652
1.306627e-04  911     403.897435    1598.368821
1.280494e-04  898     403.902828    1598.342095
1.254884e-04  910     403.908177    1598.315475
1.229786e-04  911     403.913503    1598.288961
1.205191e-04  918     403.918810    1598.262551
1.181087e-04  915     403.924098    1598.236244
1.157465e-04  919     403.929367    1598.210042
1.134316e-04  916     403.934614    1598.183942
1.111630e-04  918     403.939836    1598.157942
1.089397e-04  913     403.945034    1598.132043
1.067609e-04  917     403.950205    1598.106243
1.046257e-04  924     403.955353    1598.080541
1.025332e-04  920     403.960457    1598.054937
1.004825e-04  920     403.965536    1598.029430
9.847286e-05  908     403.970561    1598.004017
9.650340e-05  911     403.975572    1597.978699
9.457333e-05  915     403.980564    1597.953477
9.268187e-05  909     403.985531    1597.928350
9.082823e-05  910     403.990472    1597.903316
8.901167e-05  913     403.995387    1597.878376
8.723143e-05  930     404.000275    1597.853527
8.548680e-05  916     404.005136    1597.828771
8.377707e-05  912     404.009969    1597.804105
8.210153e-05  916     404.014777    1597.779530
8.045950e-05  907     404.019557    1597.755044
7.885031e-05  922     404.024311    1597.730647
7.727330e-05  922     404.029038    1597.706339
7.572783e-05  921     404.033737    1597.682118
7.421328e-05  916     404.038410    1597.657985
7.272901e-05  915     404.043075    1597.633938
7.127443e-05  911     404.047697    1597.609977
6.984894e-05  908     404.052294    1597.586101
6.845196e-05  915     404.056864    1597.562310
6.708292e-05  918     404.061407    1597.538603
6.574127e-05  921     404.065936    1597.514980
6.442644e-05  927     404.070424    1597.491439
6.313791e-05  916     404.074884    1597.467980
6.187515e-05  914     404.079316    1597.444603
6.063765e-05  915     404.083721    1597.421307
5.942490e-05  918     404.088099    1597.398092
5.823640e-05  913     404.092451    1597.374957
5.707167e-05  919     404.096776    1597.351902
5.593024e-05  921     404.101082    1597.328925
5.481163e-05  916     404.105369    1597.306027
5.371540e-05  915     404.109628    1597.283207
5.264109e-05  913     404.113861    1597.260464
5.158827e-05  923     404.118066    1597.237799
5.055651e-05  915     404.122245    1597.215209
4.954538e-05  918     404.126396    1597.192696
4.855447e-05  914     404.130521    1597.170259
4.758338e-05  917     404.134620    1597.147896
4.663171e-05  923     404.138692    1597.125609
4.569908e-05  921     404.142738    1597.103395
4.478509e-05  918     404.146758    1597.081255
4.388939e-05  913     404.150752    1597.059188
4.301161e-05  921     404.154720    1597.037193
4.215137e-05  920     404.158652    1597.015271
4.130835e-05  932     404.162562    1596.993421
4.048218e-05  924     404.166449    1596.971642
3.967254e-05  924     404.170311    1596.949933
3.887908e-05  930     404.174148    1596.928296
3.810150e-05  928     404.177960    1596.906728
3.733947e-05  922     404.181748    1596.885230
3.659268e-05  923     404.185510    1596.863801
3.586083e-05  926     404.189248    1596.842441
3.514361e-05  925     404.192960    1596.821149
3.444074e-05  927     404.196648    1596.799925
3.375193e-05  927     404.200311    1596.778769
3.307689e-05  928     404.203949    1596.757679
3.241535e-05  929     404.207562    1596.736657
3.176704e-05  929     404.211151    1596.715701
3.113170e-05  929     404.214715    1596.694811
3.050907e-05  917     404.218255    1596.673986
2.989889e-05  925     404.221771    1596.653227
2.930091e-05  929     404.225262    1596.632532
2.871489e-05  929     404.228728    1596.611902
2.814059e-05  927     404.232170    1596.591336
2.757778e-05  928     404.235586    1596.570833
2.702623e-05  930     404.238981    1596.550394
2.648570e-05  927     404.242353    1596.530018
2.595599e-05  926     404.245700    1596.509705
2.543687e-05  924     404.249049    1596.489453
2.492813e-05  931     404.252348    1596.469264
2.442957e-05  934     404.255624    1596.449136
2.394098e-05  934     404.258879    1596.429070
2.346216e-05  930     404.262112    1596.409065
2.299291e-05  928     404.265323    1596.389120
2.253305e-05  933     404.268512    1596.369235
2.208239e-05  923     404.271678    1596.349411
2.164075e-05  924     404.274822    1596.329646
2.120793e-05  930     404.277943    1596.309940
2.078377e-05  935     404.281042    1596.290293
2.036810e-05  934     404.284118    1596.270705
1.996073e-05  936     404.287172    1596.251175
1.956152e-05  938     404.290203    1596.231704
1.917029e-05  929     404.293211    1596.212289
1.878688e-05  936     404.296196    1596.192933
1.841115e-05  937     404.299160    1596.173633
1.804292e-05  933     404.302102    1596.154390
1.768206e-05  943     404.305022    1596.135204
1.732842e-05  933     404.307921    1596.116074
1.698186e-05  934     404.310797    1596.096999
1.664222e-05  933     404.313652    1596.077980
1.630937e-05  928     404.316486    1596.059017
1.598319e-05  933     404.319298    1596.040109
1.566352e-05  940     404.322088    1596.021255
1.535025e-05  938     404.324858    1596.002456
1.504325e-05  944     404.327605    1595.983711
1.474238e-05  933     404.330332    1595.965020
1.444753e-05  929     404.333039    1595.946383
1.415858e-05  924     404.335724    1595.927799
1.387541e-05  928     404.338389    1595.909268
1.359790e-05  929     404.341033    1595.890790
1.332595e-05  923     404.343657    1595.872364
1.305943e-05  933     404.346260    1595.853991
1.279824e-05  921     404.348840    1595.835670
1.254227e-05  925     404.351401    1595.817401
1.229143e-05  923     404.353943    1595.799184
1.204560e-05  927     404.356466    1595.781017
1.180469e-05  928     404.358968    1595.762902
1.156859e-05  925     404.361451    1595.744837
1.133722e-05  927     404.363915    1595.726824
1.111048e-05  926     404.366358    1595.708860
1.088827e-05  925     404.368783    1595.690947
1.067050e-05  931     404.371188    1595.673083
1.045709e-05  928     404.373574    1595.655269
1.024795e-05  926     404.375940    1595.637505
1.004299e-05  924     404.378288    1595.619789
9.842132e-06  933     404.380617    1595.602123
9.645289e-06  923     404.382927    1595.584505
9.452383e-06  924     404.385218    1595.566936
9.263336e-06  931     404.387490    1595.549415
9.078069e-06  931     404.389745    1595.531942
8.896508e-06  934     404.391980    1595.514517
8.718577e-06  936     404.394197    1595.497139
8.544206e-06  936     404.396397    1595.479809
8.373322e-06  936     404.398577    1595.462526
8.205855e-06  934     404.400740    1595.445290
8.041738e-06  932     404.402885    1595.428100
7.880903e-06  933     404.405012    1595.410957
7.723285e-06  938     404.407121    1595.393861
7.568820e-06  928     404.409213    1595.376810
7.417443e-06  931     404.411287    1595.359806
7.269094e-06  936     404.413344    1595.342847
7.123713e-06  935     404.415383    1595.325934
6.981238e-06  924     404.417405    1595.309066
6.841614e-06  925     404.419410    1595.292243
6.704781e-06  929     404.421398    1595.275464
6.570686e-06  929     404.423369    1595.258731
6.439272e-06  935     404.425322    1595.242042
6.310486e-06  929     404.427259    1595.225398
6.184277e-06  941     404.429179    1595.208797
6.060591e-06  936     404.431083    1595.192241
5.939379e-06  934     404.432964    1595.175728
5.820592e-06  932     404.434830    1595.159259
5.704180e-06  931     404.436681    1595.142833
5.590096e-06  935     404.438516    1595.126450
5.478294e-06  944     404.440336    1595.110110
5.368729e-06  937     404.442139    1595.093814
5.261354e-06  932     404.443927    1595.077559
5.156127e-06  944     404.445698    1595.061348
5.053004e-06  939     404.447454    1595.045178
4.951944e-06  951     404.449194    1595.029051
