1.177275e+03    1     0.01000000     0.00000000
1.059547e+03    3     0.03000000     0.00000000
9.535923e+02    5     0.04000000     0.20000000
8.582331e+02   11     0.10000000     0.09090909
7.724098e+02   19     0.16000000     0.15789474
6.951688e+02   26     0.23000000     0.11538462
6.256519e+02   34     0.29000000     0.14705882
5.630867e+02   48     0.39000000     0.18750000
5.067781e+02   55     0.44000000     0.20000000
4.561003e+02   61     0.48000000     0.21311475
4.104902e+02   67     0.51000000     0.23880597
3.694412e+02   72     0.53000000     0.26388889
3.324971e+02   77     0.53000000     0.31168831
2.992474e+02   86     0.58000000     0.32558140
2.693226e+02   90     0.59000000     0.34444444
2.423904e+02   94     0.63000000     0.32978723
2.181513e+02  102     0.65000000     0.36274510
1.963362e+02  112     0.68000000     0.39285714
1.767026e+02  122     0.70000000     0.42622951
1.590323e+02  130     0.73000000     0.43846154
1.431291e+02  145     0.76000000     0.47586207
1.288162e+02  152     0.78000000     0.48684211
1.159346e+02  156     0.80000000     0.48717949
1.043411e+02  169     0.81000000     0.52071006
9.390700e+01  179     0.82000000     0.54189944
8.451630e+01  190     0.83000000     0.56315789
7.606467e+01  204     0.83000000     0.59313725
6.845820e+01  217     0.85000000     0.60829493
6.161238e+01  226     0.85000000     0.62389381
5.545114e+01  238     0.86000000     0.63865546
4.990603e+01  257     0.87000000     0.66147860
4.491543e+01  272     0.89000000     0.67279412
4.042388e+01  288     0.88000000     0.69444444
3.638150e+01  310     0.90000000     0.70967742
3.274335e+01  341     0.92000000     0.73020528
2.946901e+01  356     0.92000000     0.74157303
2.652211e+01  374     0.93000000     0.75133690
2.386990e+01  393     0.93000000     0.76335878
2.148291e+01  413     0.93000000     0.77481840
1.933462e+01  433     0.93000000     0.78521940
1.740116e+01  450     0.93000000     0.79333333
1.566104e+01  460     0.93000000     0.79782609
1.409494e+01  473     0.92000000     0.80549683
1.268544e+01  485     0.92000000     0.81030928
1.141690e+01  518     0.94000000     0.81853282
1.027521e+01  532     0.94000000     0.82330827
9.247688e+00  558     0.94000000     0.83154122
8.322919e+00  560     0.94000000     0.83214286
7.490627e+00  582     0.94000000     0.83848797
6.741565e+00  591     0.95000000     0.83925550
6.067408e+00  604     0.99000000     0.83609272
5.460667e+00  621     0.98000000     0.84219002
4.914601e+00  629     0.98000000     0.84419714
4.423141e+00  647     0.98000000     0.84853168
3.980826e+00  670     0.99000000     0.85223881
3.582744e+00  705     0.98000000     0.86099291
3.224469e+00  726     0.99000000     0.86363636
2.902023e+00  743     0.99000000     0.86675639
2.611820e+00  774     0.98000000     0.87338501
2.350638e+00  886     0.97000000     0.89051919
2.115574e+00  921     0.98000000     0.89359392
1.904017e+00  955     0.99000000     0.89633508
1.713615e+00  959     0.99000000     0.89676747
1.542254e+00  961     0.99000000     0.89698231
1.388028e+00  961     0.99000000     0.89698231
1.249226e+00  969     0.99000000     0.89783282
1.124303e+00  977     0.99000000     0.89866940
1.011873e+00  974     0.99000000     0.89835729
9.106854e-01  977     0.99000000     0.89866940
8.196169e-01  981     1.00000000     0.89806320
7.376552e-01  978     1.00000000     0.89775051
6.638897e-01  980     1.00000000     0.89795918
5.975007e-01  987     1.00000000     0.89868288
5.377506e-01  988     1.00000000     0.89878543
4.839756e-01  989     0.99000000     0.89989889
4.355780e-01  988     1.00000000     0.89878543
3.920202e-01  992     1.00000000     0.89919355
3.528182e-01  993     1.00000000     0.89929507
3.175364e-01  996     1.00000000     0.89959839
2.857827e-01  996     1.00000000     0.89959839
2.572045e-01  997     1.00000000     0.89969910
2.314840e-01  996     1.00000000     0.89959839
2.083356e-01  996     1.00000000     0.89959839
1.875021e-01  996     1.00000000     0.89959839
1.687518e-01  996     1.00000000     0.89959839
1.518767e-01  996     1.00000000     0.89959839
1.366890e-01  996     1.00000000     0.89959839
1.230201e-01  997     1.00000000     0.89969910
1.107181e-01  997     1.00000000     0.89969910
9.964628e-02  999     1.00000000     0.89989990
8.968165e-02  998     1.00000000     0.89979960
8.071348e-02  998     1.00000000     0.89979960
7.264214e-02  998     1.00000000     0.89979960
6.537792e-02  999     1.00000000     0.89989990
5.884013e-02  999     1.00000000     0.89989990
5.295612e-02  999     1.00000000     0.89989990
4.766051e-02  999     1.00000000     0.89989990
4.289445e-02  999     1.00000000     0.89989990
3.860501e-02  999     1.00000000     0.89989990
3.474451e-02  999     1.00000000     0.89989990
3.127006e-02  999     1.00000000     0.89989990
2.814305e-02  999     1.00000000     0.89989990
2.532875e-02  999     1.00000000     0.89989990
2.279587e-02 1000     1.00000000     0.90000000
