1.386954e+03    1     0.01000000     0.00000000
1.248259e+03    1     0.01000000     0.00000000
1.123433e+03    5     0.05000000     0.00000000
1.011090e+03    8     0.08000000     0.00000000
9.099807e+02   13     0.12000000     0.07692308
8.189826e+02   17     0.16000000     0.05882353
7.370843e+02   27     0.24000000     0.11111111
6.633759e+02   34     0.30000000     0.11764706
5.970383e+02   39     0.35000000     0.10256410
5.373345e+02   46     0.41000000     0.10869565
4.836010e+02   54     0.45000000     0.16666667
4.352409e+02   58     0.48000000     0.17241379
3.917168e+02   64     0.53000000     0.17187500
3.525452e+02   78     0.64000000     0.17948718
3.172906e+02   78     0.64000000     0.17948718
2.855616e+02   85     0.66000000     0.22352941
2.570054e+02   98     0.73000000     0.25510204
2.313049e+02  105     0.75000000     0.28571429
2.081744e+02  113     0.76000000     0.32743363
1.873570e+02  119     0.78000000     0.34453782
1.686213e+02  129     0.81000000     0.37209302
1.517591e+02  133     0.81000000     0.39097744
1.365832e+02  142     0.81000000     0.42957746
1.229249e+02  150     0.82000000     0.45333333
1.106324e+02  160     0.83000000     0.48125000
9.956917e+01  168     0.85000000     0.49404762
8.961225e+01  175     0.85000000     0.51428571
8.065102e+01  197     0.85000000     0.56852792
7.258592e+01  207     0.87000000     0.57971014
6.532733e+01  220     0.89000000     0.59545455
5.879460e+01  230     0.89000000     0.61304348
5.291514e+01  240     0.89000000     0.62916667
4.762362e+01  257     0.89000000     0.65369650
4.286126e+01  275     0.90000000     0.67272727
3.857513e+01  289     0.90000000     0.68858131
3.471762e+01  303     0.91000000     0.69966997
3.124586e+01  321     0.91000000     0.71651090
2.812127e+01  333     0.91000000     0.72672673
2.530915e+01  344     0.91000000     0.73546512
2.277823e+01  365     0.91000000     0.75068493
2.050041e+01  387     0.92000000     0.76227390
1.845037e+01  400     0.93000000     0.76750000
1.660533e+01  413     0.93000000     0.77481840
1.494480e+01  427     0.93000000     0.78220141
1.345032e+01  429     0.93000000     0.78321678
1.210529e+01  434     0.92000000     0.78801843
1.089476e+01  449     0.92000000     0.79510022
9.805282e+00  463     0.92000000     0.80129590
8.824754e+00  469     0.92000000     0.80383795
7.942278e+00  477     0.92000000     0.80712788
7.148050e+00  489     0.92000000     0.81186094
6.433245e+00  494     0.92000000     0.81376518
5.789921e+00  502     0.92000000     0.81673307
5.210929e+00  504     0.93000000     0.81547619
4.689836e+00  516     0.93000000     0.81976744
4.220852e+00  526     0.93000000     0.82319392
3.798767e+00  533     0.93000000     0.82551595
3.418890e+00  540     0.93000000     0.82777778
3.077001e+00  553     0.93000000     0.83182640
2.769301e+00  557     0.93000000     0.83303411
2.492371e+00  563     0.93000000     0.83481350
2.243134e+00  567     0.93000000     0.83597884
2.018821e+00  582     0.93000000     0.84020619
1.816938e+00  587     0.93000000     0.84156729
1.635245e+00  597     0.93000000     0.84422111
1.471720e+00  607     0.93000000     0.84678748
1.324548e+00  625     0.93000000     0.85120000
1.192093e+00  639     0.93000000     0.85446009
1.072884e+00  645     0.94000000     0.85426357
9.655956e-01  654     0.94000000     0.85626911
8.690360e-01  658     0.93000000     0.85866261
7.821324e-01  663     0.94000000     0.85822021
7.039192e-01  672     0.94000000     0.86011905
6.335273e-01  678     0.94000000     0.86135693
5.701746e-01  684     0.94000000     0.86257310
5.131571e-01  689     0.94000000     0.86357039
4.618414e-01  696     0.94000000     0.86494253
4.156572e-01  703     0.94000000     0.86628734
3.740915e-01  707     0.94000000     0.86704385
3.366824e-01  710     0.94000000     0.86760563
3.030141e-01  710     0.94000000     0.86760563
2.727127e-01  714     0.94000000     0.86834734
2.454414e-01  719     0.94000000     0.86926287
2.208973e-01  721     0.94000000     0.86962552
1.988076e-01  720     0.94000000     0.86944444
1.789268e-01  720     0.94000000     0.86944444
1.610341e-01  721     0.94000000     0.86962552
1.449307e-01  720     0.94000000     0.86944444
1.304376e-01  722     0.95000000     0.86842105
1.173939e-01  723     0.95000000     0.86860304
1.056545e-01  726     0.95000000     0.86914601
9.508905e-02  728     0.95000000     0.86950549
8.558014e-02  729     0.95000000     0.86968450
7.702213e-02  731     0.95000000     0.87004104
6.931991e-02  732     0.95000000     0.87021858
6.238792e-02  732     0.95000000     0.87021858
5.614913e-02  732     0.95000000     0.87021858
5.053422e-02  736     0.95000000     0.87092391
4.548080e-02  738     0.96000000     0.86991870
4.093272e-02  740     0.96000000     0.87027027
3.683944e-02  741     0.96000000     0.87044534
3.315550e-02  743     0.96000000     0.87079408
2.983995e-02  745     0.96000000     0.87114094
2.685596e-02  746     0.96000000     0.87131367
2.417036e-02  748     0.96000000     0.87165775
2.175332e-02  748     0.96000000     0.87165775
1.957799e-02  748     0.96000000     0.87165775
1.762019e-02  748     0.96000000     0.87165775
1.585817e-02  748     0.96000000     0.87165775
1.427236e-02  748     0.96000000     0.87165775
1.284512e-02  751     0.96000000     0.87217044
1.156061e-02  752     0.96000000     0.87234043
1.040455e-02  753     0.96000000     0.87250996
9.364093e-03  754     0.96000000     0.87267905
8.427683e-03  754     0.96000000     0.87267905
7.584915e-03  755     0.96000000     0.87284768
6.826423e-03  757     0.96000000     0.87318362
6.143781e-03  757     0.96000000     0.87318362
5.529403e-03  757     0.96000000     0.87318362
4.976463e-03  757     0.96000000     0.87318362
4.478816e-03  759     0.96000000     0.87351779
4.030935e-03  759     0.96000000     0.87351779
3.627841e-03  759     0.96000000     0.87351779
3.265057e-03  759     0.96000000     0.87351779
2.938551e-03  759     0.96000000     0.87351779
2.644696e-03  759     0.96000000     0.87351779
2.380227e-03  759     0.96000000     0.87351779
2.142204e-03  761     0.96000000     0.87385020
1.927984e-03  761     0.96000000     0.87385020
1.735185e-03  761     0.96000000     0.87385020
1.561667e-03  763     0.96000000     0.87418087
1.405500e-03  763     0.96000000     0.87418087
1.264950e-03  763     0.96000000     0.87418087
1.138455e-03  763     0.96000000     0.87418087
1.024610e-03  765     0.97000000     0.87320261
9.221486e-04  766     0.97000000     0.87336815
8.299337e-04  767     0.97000000     0.87353325
7.469404e-04  767     0.97000000     0.87353325
6.722463e-04  767     0.97000000     0.87353325
6.050217e-04  767     0.97000000     0.87353325
5.445195e-04  767     0.97000000     0.87353325
4.900676e-04  767     0.97000000     0.87353325
4.410608e-04  767     0.97000000     0.87353325
3.969547e-04  767     0.97000000     0.87353325
3.572593e-04  768     0.97000000     0.87369792
3.215333e-04  770     0.97000000     0.87402597
2.893800e-04  770     0.97000000     0.87402597
2.604420e-04  770     0.97000000     0.87402597
2.343978e-04  770     0.97000000     0.87402597
2.109580e-04  770     0.97000000     0.87402597
1.898622e-04  770     0.97000000     0.87402597
1.708760e-04  771     0.97000000     0.87418936
1.537884e-04  771     0.97000000     0.87418936
1.384096e-04  771     0.97000000     0.87418936
1.245686e-04  771     0.97000000     0.87418936
1.121117e-04  771     0.97000000     0.87418936
1.009006e-04  772     0.97000000     0.87435233
9.081051e-05  772     0.97000000     0.87435233
8.172946e-05  772     0.97000000     0.87435233
7.355651e-05  772     0.97000000     0.87435233
6.620086e-05  772     0.97000000     0.87435233
5.958078e-05  772     0.97000000     0.87435233
5.362270e-05  772     0.97000000     0.87435233
4.826043e-05  772     0.97000000     0.87435233
4.343439e-05  772     0.97000000     0.87435233
3.909095e-05  772     0.97000000     0.87435233
3.518185e-05  772     0.97000000     0.87435233
3.166367e-05  772     0.97000000     0.87435233
2.849730e-05  772     0.97000000     0.87435233
2.564757e-05  772     0.97000000     0.87435233
2.308281e-05  772     0.97000000     0.87435233
2.077453e-05  773     0.97000000     0.87451488
1.869708e-05  773     0.97000000     0.87451488
1.682737e-05  773     0.97000000     0.87451488
1.514463e-05  773     0.97000000     0.87451488
1.363017e-05  774     0.97000000     0.87467700
1.226715e-05  774     0.97000000     0.87467700
1.104044e-05  774     0.97000000     0.87467700
9.936394e-06  774     0.97000000     0.87467700
8.942755e-06  774     0.97000000     0.87467700
8.048479e-06  774     0.97000000     0.87467700
7.243631e-06  774     0.97000000     0.87467700
6.519268e-06  774     0.97000000     0.87467700
5.867341e-06  774     0.97000000     0.87467700
5.280607e-06  774     0.97000000     0.87467700
4.752547e-06  774     0.97000000     0.87467700
4.277292e-06  774     0.97000000     0.87467700
3.849563e-06  774     0.97000000     0.87467700
3.464606e-06  774     0.97000000     0.87467700
3.118146e-06  774     0.97000000     0.87467700
2.806331e-06  774     0.97000000     0.87467700
2.525698e-06  774     0.97000000     0.87467700
2.273128e-06  774     0.97000000     0.87467700
2.045815e-06  774     0.97000000     0.87467700
1.841234e-06  774     0.97000000     0.87467700
1.657111e-06  774     0.97000000     0.87467700
1.491399e-06  774     0.97000000     0.87467700
1.342260e-06  774     0.97000000     0.87467700
1.208034e-06  774     0.97000000     0.87467700
1.087230e-06  774     0.97000000     0.87467700
9.785072e-07  774     0.97000000     0.87467700
8.806565e-07  774     0.97000000     0.87467700
7.925908e-07  774     0.97000000     0.87467700
7.133317e-07  774     0.97000000     0.87467700
6.419986e-07  774     0.97000000     0.87467700
5.777987e-07  774     0.97000000     0.87467700
5.200188e-07  774     0.97000000     0.87467700
4.680170e-07  774     0.97000000     0.87467700
4.212153e-07  774     0.97000000     0.87467700
3.790937e-07  774     0.97000000     0.87467700
3.411844e-07  774     0.97000000     0.87467700
3.070659e-07  774     0.97000000     0.87467700
2.763593e-07  774     0.97000000     0.87467700
2.487234e-07  774     0.97000000     0.87467700
2.238511e-07  774     0.97000000     0.87467700
2.014660e-07  774     0.97000000     0.87467700
1.813194e-07  774     0.97000000     0.87467700
1.631874e-07  774     0.97000000     0.87467700
1.468687e-07  774     0.97000000     0.87467700
1.321818e-07  774     0.97000000     0.87467700
1.189636e-07  774     0.97000000     0.87467700
1.070673e-07  774     0.97000000     0.87467700
9.636054e-08  774     0.97000000     0.87467700
8.672449e-08  774     0.97000000     0.87467700
7.805204e-08  774     0.97000000     0.87467700
7.024683e-08  774     0.97000000     0.87467700
6.322215e-08  774     0.97000000     0.87467700
5.689994e-08  774     0.97000000     0.87467700
5.120994e-08  774     0.97000000     0.87467700
4.608895e-08  774     0.97000000     0.87467700
4.148005e-08  774     0.97000000     0.87467700
3.733205e-08  774     0.97000000     0.87467700
3.359884e-08  774     0.97000000     0.87467700
3.023896e-08  774     0.97000000     0.87467700
2.721506e-08  774     0.97000000     0.87467700
2.449356e-08  774     0.97000000     0.87467700
2.204420e-08  774     0.97000000     0.87467700
1.983978e-08  774     0.97000000     0.87467700
1.785580e-08  774     0.97000000     0.87467700
1.607022e-08  774     0.97000000     0.87467700
1.446320e-08  774     0.97000000     0.87467700
1.301688e-08  774     0.97000000     0.87467700
1.171519e-08  774     0.97000000     0.87467700
1.054367e-08  774     0.97000000     0.87467700
9.489306e-09  774     0.97000000     0.87467700
8.540375e-09  774     0.97000000     0.87467700
7.686338e-09  774     0.97000000     0.87467700
6.917704e-09  774     0.97000000     0.87467700
6.225933e-09  774     0.97000000     0.87467700
5.603340e-09  774     0.97000000     0.87467700
5.043006e-09  774     0.97000000     0.87467700
4.538705e-09  774     0.97000000     0.87467700
4.084835e-09  774     0.97000000     0.87467700
3.676351e-09  774     0.97000000     0.87467700
3.308716e-09  774     0.97000000     0.87467700
2.977845e-09  774     0.97000000     0.87467700
2.680060e-09  774     0.97000000     0.87467700
2.412054e-09  774     0.97000000     0.87467700
2.170849e-09  774     0.97000000     0.87467700
1.953764e-09  774     0.97000000     0.87467700
1.758387e-09  774     0.97000000     0.87467700
1.582549e-09  774     0.97000000     0.87467700
1.424294e-09  774     0.97000000     0.87467700
1.281864e-09  774     0.97000000     0.87467700
1.153678e-09  774     0.97000000     0.87467700
1.038310e-09  774     0.97000000     0.87467700
9.344792e-10  774     0.97000000     0.87467700
8.410313e-10  774     0.97000000     0.87467700
7.569282e-10  774     0.97000000     0.87467700
6.812353e-10  774     0.97000000     0.87467700
6.131118e-10  774     0.97000000     0.87467700
5.518006e-10  774     0.97000000     0.87467700
4.966206e-10  774     0.97000000     0.87467700
4.469585e-10  774     0.97000000     0.87467700
4.022627e-10  774     0.97000000     0.87467700
3.620364e-10  774     0.97000000     0.87467700
3.258328e-10  774     0.97000000     0.87467700
2.932495e-10  774     0.97000000     0.87467700
2.639245e-10  774     0.97000000     0.87467700
2.375321e-10  774     0.97000000     0.87467700
2.137789e-10  774     0.97000000     0.87467700
1.924010e-10  774     0.97000000     0.87467700
1.731609e-10  774     0.97000000     0.87467700
1.558448e-10  774     0.97000000     0.87467700
1.402603e-10  774     0.97000000     0.87467700
1.262343e-10  774     0.97000000     0.87467700
1.136109e-10  774     0.97000000     0.87467700
1.022498e-10  774     0.97000000     0.87467700
9.202479e-11  774     0.97000000     0.87467700
8.282231e-11  774     0.97000000     0.87467700
7.454008e-11  774     0.97000000     0.87467700
6.708607e-11  774     0.97000000     0.87467700
6.037747e-11  774     0.97000000     0.87467700
5.433972e-11  774     0.97000000     0.87467700
4.890575e-11  774     0.97000000     0.87467700
4.401517e-11  774     0.97000000     0.87467700
3.961366e-11  774     0.97000000     0.87467700
3.565229e-11  774     0.97000000     0.87467700
3.208706e-11  774     0.97000000     0.87467700
2.887836e-11  774     0.97000000     0.87467700
2.599052e-11  774     0.97000000     0.87467700
2.339147e-11  774     0.97000000     0.87467700
2.105232e-11  774     0.97000000     0.87467700
1.894709e-11  774     0.97000000     0.87467700
1.705238e-11  774     0.97000000     0.87467700
1.534714e-11  774     0.97000000     0.87467700
1.381243e-11  774     0.97000000     0.87467700
1.243118e-11  774     0.97000000     0.87467700
1.118807e-11  774     0.97000000     0.87467700
1.006926e-11  774     0.97000000     0.87467700
9.062334e-12  774     0.97000000     0.87467700
8.156100e-12  774     0.97000000     0.87467700
7.340490e-12  774     0.97000000     0.87467700
6.606441e-12  774     0.97000000     0.87467700
5.945797e-12  774     0.97000000     0.87467700
5.351218e-12  774     0.97000000     0.87467700
4.816096e-12  774     0.97000000     0.87467700
4.334486e-12  774     0.97000000     0.87467700
3.901038e-12  774     0.97000000     0.87467700
3.510934e-12  775     0.97000000     0.87483871
3.159840e-12  774     0.97000000     0.87467700
2.843856e-12  774     0.97000000     0.87467700
2.559471e-12  775     0.97000000     0.87483871
2.303524e-12  774     0.97000000     0.87467700
2.073171e-12  774     0.97000000     0.87467700
1.865854e-12  776     0.97000000     0.87500000
1.679269e-12  776     0.97000000     0.87500000
1.511342e-12  777     0.97000000     0.87516088
1.360208e-12  778     0.97000000     0.87532134
1.224187e-12  778     0.97000000     0.87532134
1.101768e-12  782     0.97000000     0.87595908
9.915914e-13  784     0.97000000     0.87627551
8.924323e-13  781     0.97000000     0.87580026
8.031890e-13  785     0.97000000     0.87643312
7.228701e-13  786     0.97000000     0.87659033
6.505831e-13  784     0.97000000     0.87627551
5.855248e-13  793     0.97000000     0.87767970
5.269723e-13  791     0.97000000     0.87737042
4.742751e-13  790     0.97000000     0.87721519
4.268476e-13  786     0.97000000     0.87659033
3.841628e-13  801     0.97000000     0.87890137
3.457465e-13  797     0.97000000     0.87829360
3.111719e-13  803     0.97000000     0.87920299
2.800547e-13  806     0.97000000     0.87965261
2.520492e-13  815     0.98000000     0.87975460
2.268443e-13  817     0.97000000     0.88127295
2.041599e-13  822     0.97000000     0.88199513
1.837439e-13  831     0.97000000     0.88327316
1.653695e-13  837     0.97000000     0.88410992
1.488326e-13  831     0.97000000     0.88327316
1.339493e-13  847     0.97000000     0.88547816
1.205544e-13  864     0.97000000     0.88773148
1.084989e-13  867     0.98000000     0.88696655
9.764904e-14  876     0.97000000     0.88926941
8.788413e-14  891     0.97000000     0.89113356
7.909572e-14  904     0.98000000     0.89159292
7.118615e-14  893     0.99000000     0.88913774
6.406753e-14  931     0.99000000     0.89366273
5.766078e-14  929     1.00000000     0.89235737
5.189470e-14  925     0.98000000     0.89405405
4.670523e-14  955     0.99000000     0.89633508
4.203471e-14  946     0.99000000     0.89534884
3.783124e-14  962     0.98000000     0.89812890
3.404811e-14  959     0.99000000     0.89676747
3.064330e-14  968     1.00000000     0.89669421
2.757897e-14  967     0.99000000     0.89762151
2.482107e-14  979     0.99000000     0.89887640
2.233897e-14  975     0.98000000     0.89948718
2.010507e-14  988     1.00000000     0.89878543
1.809456e-14  983     1.00000000     0.89827060
1.628511e-14  981     0.99000000     0.89908257
1.465660e-14  991     1.00000000     0.89909183
1.319094e-14  990     1.00000000     0.89898990
1.187184e-14  991     1.00000000     0.89909183
1.068466e-14  989     1.00000000     0.89888777
9.616193e-15  993     1.00000000     0.89929507
8.654574e-15  995     1.00000000     0.89949749
7.789116e-15  995     1.00000000     0.89949749
7.010205e-15  997     1.00000000     0.89969910
6.309184e-15  996     1.00000000     0.89959839
5.678266e-15  997     1.00000000     0.89969910
5.110439e-15  998     1.00000000     0.89979960
4.599395e-15  994     1.00000000     0.89939638
4.139456e-15  998     0.99000000     0.90080160
3.725510e-15  997     0.99000000     0.90070211
3.352959e-15  997     1.00000000     0.89969910
3.017663e-15 1000     1.00000000     0.90000000
