1.271064e+03    0     0.00000000     0.00000000
8.473758e+02   15     0.15000000     0.00000000
5.649172e+02   43     0.39000000     0.09302326
3.766115e+02   64     0.51000000     0.20312500
2.510743e+02   92     0.64000000     0.30434783
1.673829e+02  121     0.78000000     0.35537190
1.115886e+02  153     0.84000000     0.45098039
7.439239e+01  204     0.86000000     0.57843137
4.959493e+01  261     0.94000000     0.63984674
3.306328e+01  321     0.95000000     0.70404984
2.204219e+01  382     0.96000000     0.74869110
1.469479e+01  419     0.94000000     0.77565632
9.796528e+00  459     0.94000000     0.79520697
6.531019e+00  498     0.94000000     0.81124498
4.354013e+00  537     0.95000000     0.82309125
2.902675e+00  570     0.96000000     0.83157895
1.935117e+00  612     0.96000000     0.84313725
1.290078e+00  665     0.96000000     0.85563910
8.600519e-01  695     0.96000000     0.86187050
5.733679e-01  752     0.98000000     0.86968085
3.822453e-01  803     0.98000000     0.87795766
2.548302e-01  834     0.98000000     0.88249400
1.698868e-01  869     1.00000000     0.88492520
1.132579e-01  887     1.00000000     0.88726043
7.550524e-02  909     1.00000000     0.88998900
5.033683e-02  927     1.00000000     0.89212513
3.355788e-02  941     1.00000000     0.89373007
2.237192e-02  949     1.00000000     0.89462592
1.491462e-02  962     1.00000000     0.89604990
9.943077e-03  971     1.00000000     0.89701339
6.628718e-03  981     1.00000000     0.89806320
4.419145e-03  985     1.00000000     0.89847716
2.946097e-03  987     1.00000000     0.89868288
1.964065e-03  987     1.00000000     0.89868288
1.309376e-03  990     1.00000000     0.89898990
8.729176e-04  990     1.00000000     0.89898990
5.819451e-04  994     1.00000000     0.89939638
3.879634e-04  994     1.00000000     0.89939638
2.586422e-04  995     1.00000000     0.89949749
1.724282e-04  995     1.00000000     0.89949749
1.149521e-04  998     1.00000000     0.89979960
7.663474e-05  999     1.00000000     0.89989990
5.108983e-05  999     1.00000000     0.89989990
3.405988e-05  999     1.00000000     0.89989990
2.270659e-05 1000     1.00000000     0.90000000
