1.384944e+03    0     0.00000000     0.00000000
1.107955e+03    4     0.04000000     0.00000000
8.863642e+02   12     0.12000000     0.00000000
7.090913e+02   26     0.26000000     0.00000000
5.672731e+02   39     0.38000000     0.02564103
4.538185e+02   54     0.47000000     0.12962963
3.630548e+02   65     0.53000000     0.18461538
2.904438e+02   77     0.62000000     0.19480519
2.323551e+02   95     0.72000000     0.24210526
1.858840e+02  104     0.75000000     0.27884615
1.487072e+02  130     0.79000000     0.39230769
1.189658e+02  156     0.85000000     0.45512821
9.517263e+01  173     0.87000000     0.49710983
7.613810e+01  200     0.89000000     0.55500000
6.091048e+01  227     0.92000000     0.59471366
4.872839e+01  249     0.93000000     0.62650602
3.898271e+01  281     0.93000000     0.66903915
3.118617e+01  315     0.94000000     0.70158730
2.494893e+01  342     0.93000000     0.72807018
1.995915e+01  380     0.93000000     0.75526316
1.596732e+01  397     0.92000000     0.76826196
1.277385e+01  420     0.92000000     0.78095238
1.021908e+01  439     0.93000000     0.78815490
8.175267e+00  448     0.93000000     0.79241071
6.540213e+00  461     0.94000000     0.79609544
5.232171e+00  485     0.94000000     0.80618557
4.185737e+00  503     0.95000000     0.81113320
3.348589e+00  522     0.95000000     0.81800766
2.678871e+00  546     0.95000000     0.82600733
2.143097e+00  565     0.95000000     0.83185841
1.714478e+00  596     0.95000000     0.84060403
1.371582e+00  613     0.95000000     0.84502447
1.097266e+00  621     0.95000000     0.84702093
8.778126e-01  654     0.95000000     0.85474006
7.022501e-01  681     0.95000000     0.86049927
5.618000e-01  702     0.96000000     0.86324786
4.494400e-01  726     0.96000000     0.86776860
3.595520e-01  757     0.97000000     0.87186262
2.876416e-01  781     0.97000000     0.87580026
2.301133e-01  796     0.97000000     0.87814070
1.840906e-01  819     0.97000000     0.88156288
1.472725e-01  831     0.97000000     0.88327316
1.178180e-01  840     0.97000000     0.88452381
9.425441e-02  853     0.97000000     0.88628370
7.540353e-02  864     0.97000000     0.88773148
6.032282e-02  874     0.98000000     0.88787185
4.825826e-02  880     0.98000000     0.88863636
3.860661e-02  885     0.99000000     0.88813559
3.088528e-02  888     0.99000000     0.88851351
2.470823e-02  893     0.99000000     0.88913774
1.976658e-02  900     1.00000000     0.88888889
1.581327e-02  902     1.00000000     0.88913525
1.265061e-02  903     1.00000000     0.88925803
1.012049e-02  904     1.00000000     0.88938053
8.096392e-03  906     1.00000000     0.88962472
6.477114e-03  909     1.00000000     0.88998900
5.181691e-03  912     1.00000000     0.89035088
4.145353e-03  919     1.00000000     0.89118607
3.316282e-03  922     1.00000000     0.89154013
2.653026e-03  925     1.00000000     0.89189189
2.122421e-03  928     1.00000000     0.89224138
1.697936e-03  929     1.00000000     0.89235737
1.358349e-03  931     1.00000000     0.89258861
1.086679e-03  931     1.00000000     0.89258861
8.693435e-04  930     1.00000000     0.89247312
6.954748e-04  934     1.00000000     0.89293362
5.563798e-04  935     1.00000000     0.89304813
4.451039e-04  936     1.00000000     0.89316239
3.560831e-04  936     1.00000000     0.89316239
2.848665e-04  939     1.00000000     0.89350373
2.278932e-04  940     1.00000000     0.89361702
1.823145e-04  940     1.00000000     0.89361702
1.458516e-04  942     1.00000000     0.89384289
1.166813e-04  942     1.00000000     0.89384289
9.334504e-05  941     1.00000000     0.89373007
7.467603e-05  941     1.00000000     0.89373007
5.974083e-05  942     1.00000000     0.89384289
4.779266e-05  942     1.00000000     0.89384289
3.823413e-05  942     1.00000000     0.89384289
3.058730e-05  943     1.00000000     0.89395546
2.446984e-05  944     1.00000000     0.89406780
1.957587e-05  944     1.00000000     0.89406780
1.566070e-05  944     1.00000000     0.89406780
1.252856e-05  944     1.00000000     0.89406780
1.002285e-05  945     1.00000000     0.89417989
8.018278e-06  945     1.00000000     0.89417989
6.414623e-06  945     1.00000000     0.89417989
5.131698e-06  945     1.00000000     0.89417989
4.105358e-06  945     1.00000000     0.89417989
3.284287e-06  945     1.00000000     0.89417989
2.627429e-06  945     1.00000000     0.89417989
2.101944e-06  945     1.00000000     0.89417989
1.681555e-06  945     1.00000000     0.89417989
1.345244e-06  945     1.00000000     0.89417989
1.076195e-06  945     1.00000000     0.89417989
8.609561e-07  945     1.00000000     0.89417989
6.887649e-07  945     1.00000000     0.89417989
5.510119e-07  945     1.00000000     0.89417989
4.408095e-07  945     1.00000000     0.89417989
3.526476e-07  945     1.00000000     0.89417989
2.821181e-07  945     1.00000000     0.89417989
2.256945e-07  945     1.00000000     0.89417989
1.805556e-07  945     1.00000000     0.89417989
1.444445e-07  945     1.00000000     0.89417989
1.155556e-07  945     1.00000000     0.89417989
9.244445e-08  945     1.00000000     0.89417989
7.395556e-08  945     1.00000000     0.89417989
5.916445e-08  945     1.00000000     0.89417989
4.733156e-08  945     1.00000000     0.89417989
3.786525e-08  945     1.00000000     0.89417989
3.029220e-08  945     1.00000000     0.89417989
2.423376e-08  945     1.00000000     0.89417989
1.938701e-08  945     1.00000000     0.89417989
1.550961e-08  945     1.00000000     0.89417989
1.240768e-08  945     1.00000000     0.89417989
9.926148e-09  945     1.00000000     0.89417989
7.940918e-09  945     1.00000000     0.89417989
6.352734e-09  946     1.00000000     0.89429175
5.082188e-09  946     1.00000000     0.89429175
4.065750e-09  946     1.00000000     0.89429175
3.252600e-09  946     1.00000000     0.89429175
2.602080e-09  946     1.00000000     0.89429175
2.081664e-09  946     1.00000000     0.89429175
1.665331e-09  946     1.00000000     0.89429175
1.332265e-09  947     1.00000000     0.89440338
1.065812e-09  947     1.00000000     0.89440338
8.526496e-10  947     1.00000000     0.89440338
6.821197e-10  947     1.00000000     0.89440338
5.456957e-10  947     1.00000000     0.89440338
4.365566e-10  947     1.00000000     0.89440338
3.492453e-10  947     1.00000000     0.89440338
2.793962e-10  947     1.00000000     0.89440338
2.235170e-10  947     1.00000000     0.89440338
1.788136e-10  947     1.00000000     0.89440338
1.430509e-10  947     1.00000000     0.89440338
1.144407e-10  947     1.00000000     0.89440338
9.155255e-11  947     1.00000000     0.89440338
7.324204e-11  947     1.00000000     0.89440338
5.859363e-11  947     1.00000000     0.89440338
4.687491e-11  947     1.00000000     0.89440338
3.749993e-11  947     1.00000000     0.89440338
2.999994e-11  947     1.00000000     0.89440338
2.399995e-11  947     1.00000000     0.89440338
1.919996e-11  947     1.00000000     0.89440338
1.535997e-11  947     1.00000000     0.89440338
1.228798e-11  947     1.00000000     0.89440338
9.830380e-12  947     1.00000000     0.89440338
7.864304e-12  947     1.00000000     0.89440338
6.291443e-12  948     1.00000000     0.89451477
5.033155e-12  948     1.00000000     0.89451477
4.026524e-12  948     1.00000000     0.89451477
3.221219e-12  948     1.00000000     0.89451477
2.576975e-12  948     1.00000000     0.89451477
2.061580e-12  947     1.00000000     0.89440338
1.649264e-12  948     1.00000000     0.89451477
1.319411e-12  948     1.00000000     0.89451477
1.055529e-12  950     1.00000000     0.89473684
8.444232e-13  948     1.00000000     0.89451477
6.755386e-13  950     1.00000000     0.89473684
5.404309e-13  950     1.00000000     0.89473684
4.323447e-13  954     1.00000000     0.89517820
3.458758e-13  955     1.00000000     0.89528796
2.767006e-13  954     1.00000000     0.89517820
2.213605e-13  960     1.00000000     0.89583333
1.770884e-13  959     1.00000000     0.89572471
1.416707e-13  970     1.00000000     0.89690722
1.133366e-13  973     1.00000000     0.89722508
9.066926e-14  977     1.00000000     0.89764585
7.253540e-14  972     1.00000000     0.89711934
5.802832e-14  987     1.00000000     0.89868288
4.642266e-14  986     1.00000000     0.89858012
3.713813e-14  989     1.00000000     0.89888777
2.971050e-14  990     1.00000000     0.89898990
2.376840e-14  995     1.00000000     0.89949749
1.901472e-14  995     1.00000000     0.89949749
1.521178e-14  998     1.00000000     0.89979960
1.216942e-14  997     1.00000000     0.89969910
9.735537e-15 1000     1.00000000     0.90000000
