1.622243e+03    0     0.00000000     0.00000000
1.216682e+03    5     0.05000000     0.00000000
9.125118e+02   15     0.15000000     0.00000000
6.843839e+02   36     0.34000000     0.05555556
5.132879e+02   52     0.50000000     0.03846154
3.849659e+02   69     0.60000000     0.13043478
2.887244e+02   80     0.65000000     0.18750000
2.165433e+02   91     0.70000000     0.23076923
1.624075e+02  105     0.76000000     0.27619048
1.218056e+02  133     0.82000000     0.38345865
9.135422e+01  162     0.85000000     0.47530864
6.851566e+01  204     0.87000000     0.57352941
5.138675e+01  249     0.89000000     0.64257028
3.854006e+01  283     0.91000000     0.67844523
2.890505e+01  327     0.92000000     0.71865443
2.167878e+01  364     0.93000000     0.74450549
1.625909e+01  408     0.93000000     0.77205882
1.219432e+01  442     0.93000000     0.78959276
9.145737e+00  459     0.93000000     0.79738562
6.859303e+00  475     0.94000000     0.80210526
5.144477e+00  501     0.94000000     0.81237525
3.858358e+00  523     0.94000000     0.82026769
2.893768e+00  544     0.93000000     0.82904412
2.170326e+00  567     0.93000000     0.83597884
1.627745e+00  590     0.93000000     0.84237288
1.220809e+00  617     0.93000000     0.84927066
9.156064e-01  643     0.93000000     0.85536547
6.867048e-01  682     0.94000000     0.86217009
5.150286e-01  712     0.98000000     0.86235955
3.862715e-01  742     0.98000000     0.86792453
2.897036e-01  776     0.98000000     0.87371134
2.172777e-01  805     0.98000000     0.87826087
1.629583e-01  827     0.98000000     0.88149940
1.222187e-01  847     0.98000000     0.88429752
9.166403e-02  862     0.98000000     0.88631090
6.874802e-02  872     0.98000000     0.88761468
5.156102e-02  882     0.98000000     0.88888889
3.867076e-02  891     0.98000000     0.89001122
2.900307e-02  896     0.98000000     0.89062500
2.175230e-02  905     0.98000000     0.89171271
1.631423e-02  913     0.98000000     0.89266156
1.223567e-02  920     0.98000000     0.89347826
9.176753e-03  924     0.99000000     0.89285714
6.882565e-03  930     1.00000000     0.89247312
5.161924e-03  937     1.00000000     0.89327641
3.871443e-03  941     1.00000000     0.89373007
2.903582e-03  949     1.00000000     0.89462592
2.177686e-03  951     1.00000000     0.89484753
1.633265e-03  959     1.00000000     0.89572471
1.224949e-03  963     1.00000000     0.89615784
9.187115e-04  965     1.00000000     0.89637306
6.890336e-04  966     1.00000000     0.89648033
5.167752e-04  966     1.00000000     0.89648033
3.875814e-04  971     1.00000000     0.89701339
2.906861e-04  975     1.00000000     0.89743590
2.180145e-04  977     1.00000000     0.89764585
1.635109e-04  978     1.00000000     0.89775051
1.226332e-04  978     1.00000000     0.89775051
9.197489e-05  979     1.00000000     0.89785495
6.898116e-05  980     1.00000000     0.89795918
5.173587e-05  979     1.00000000     0.89785495
3.880190e-05  980     1.00000000     0.89795918
2.910143e-05  980     1.00000000     0.89795918
2.182607e-05  981     1.00000000     0.89806320
1.636955e-05  982     1.00000000     0.89816701
1.227717e-05  983     1.00000000     0.89827060
9.207874e-06  984     1.00000000     0.89837398
6.905905e-06  985     1.00000000     0.89847716
5.179429e-06  986     1.00000000     0.89858012
3.884572e-06  988     1.00000000     0.89878543
2.913429e-06  989     1.00000000     0.89888777
2.185072e-06  989     1.00000000     0.89888777
1.638804e-06  989     1.00000000     0.89888777
1.229103e-06  989     1.00000000     0.89888777
9.218271e-07  990     1.00000000     0.89898990
6.913703e-07  990     1.00000000     0.89898990
5.185277e-07  991     1.00000000     0.89909183
3.888958e-07  993     1.00000000     0.89929507
2.916719e-07  993     1.00000000     0.89929507
2.187539e-07  995     1.00000000     0.89949749
1.640654e-07  996     1.00000000     0.89959839
1.230491e-07  996     1.00000000     0.89959839
9.228680e-08  996     1.00000000     0.89959839
6.921510e-08  996     1.00000000     0.89959839
5.191132e-08  996     1.00000000     0.89959839
3.893349e-08  996     1.00000000     0.89959839
2.920012e-08  996     1.00000000     0.89959839
2.190009e-08  996     1.00000000     0.89959839
1.642507e-08  996     1.00000000     0.89959839
1.231880e-08  996     1.00000000     0.89959839
9.239100e-09  996     1.00000000     0.89959839
6.929325e-09  996     1.00000000     0.89959839
5.196994e-09  996     1.00000000     0.89959839
3.897745e-09  996     1.00000000     0.89959839
2.923309e-09  996     1.00000000     0.89959839
2.192482e-09  996     1.00000000     0.89959839
1.644361e-09  996     1.00000000     0.89959839
1.233271e-09  997     1.00000000     0.89969910
9.249533e-10  997     1.00000000     0.89969910
6.937149e-10  998     1.00000000     0.89979960
5.202862e-10  999     1.00000000     0.89989990
3.902147e-10  999     1.00000000     0.89989990
2.926610e-10  999     1.00000000     0.89989990
2.194957e-10  999     1.00000000     0.89989990
1.646218e-10  999     1.00000000     0.89989990
1.234664e-10  999     1.00000000     0.89989990
9.259977e-11  999     1.00000000     0.89989990
6.944983e-11  999     1.00000000     0.89989990
5.208737e-11  999     1.00000000     0.89989990
3.906553e-11 1000     1.00000000     0.90000000
