1.357952e+03    1     0.01000000     0.00000000
1.290054e+03    1     0.01000000     0.00000000
1.225551e+03    1     0.01000000     0.00000000
1.164274e+03    2     0.02000000     0.00000000
1.106060e+03    5     0.05000000     0.00000000
1.050757e+03    7     0.07000000     0.00000000
9.982192e+02   12     0.12000000     0.00000000
9.483083e+02   16     0.16000000     0.00000000
9.008928e+02   23     0.23000000     0.00000000
8.558482e+02   24     0.24000000     0.00000000
8.130558e+02   26     0.26000000     0.00000000
7.724030e+02   30     0.30000000     0.00000000
7.337829e+02   31     0.31000000     0.00000000
6.970937e+02   31     0.31000000     0.00000000
6.622390e+02   33     0.33000000     0.00000000
6.291271e+02   34     0.34000000     0.00000000
5.976707e+02   39     0.39000000     0.00000000
5.677872e+02   45     0.44000000     0.02222222
5.393978e+02   48     0.46000000     0.04166667
5.124279e+02   52     0.47000000     0.09615385
4.868065e+02   54     0.49000000     0.09259259
4.624662e+02   62     0.56000000     0.09677419
4.393429e+02   64     0.58000000     0.09375000
4.173758e+02   65     0.59000000     0.09230769
3.965070e+02   67     0.60000000     0.10447761
3.766816e+02   70     0.61000000     0.12857143
3.578475e+02   71     0.61000000     0.14084507
3.399552e+02   72     0.61000000     0.15277778
3.229574e+02   75     0.61000000     0.18666667
3.068095e+02   78     0.63000000     0.19230769
2.914691e+02   82     0.65000000     0.20731707
2.768956e+02   85     0.67000000     0.21176471
2.630508e+02   87     0.67000000     0.22988506
2.498983e+02   94     0.69000000     0.26595745
2.374034e+02   96     0.69000000     0.28125000
2.255332e+02   97     0.69000000     0.28865979
2.142565e+02  100     0.70000000     0.30000000
2.035437e+02  103     0.70000000     0.32038835
1.933665e+02  109     0.73000000     0.33027523
1.836982e+02  112     0.75000000     0.33035714
1.745133e+02  119     0.76000000     0.36134454
1.657876e+02  120     0.76000000     0.36666667
1.574982e+02  123     0.76000000     0.38211382
1.496233e+02  129     0.78000000     0.39534884
1.421422e+02  132     0.79000000     0.40151515
1.350351e+02  137     0.80000000     0.41605839
1.282833e+02  140     0.80000000     0.42857143
1.218691e+02  145     0.84000000     0.42068966
1.157757e+02  148     0.84000000     0.43243243
1.099869e+02  154     0.85000000     0.44805195
1.044876e+02  158     0.85000000     0.46202532
9.926318e+01  167     0.85000000     0.49101796
9.430002e+01  178     0.86000000     0.51685393
8.958502e+01  188     0.87000000     0.53723404
8.510576e+01  197     0.87000000     0.55837563
8.085048e+01  203     0.88000000     0.56650246
7.680795e+01  205     0.89000000     0.56585366
7.296756e+01  210     0.89000000     0.57619048
6.931918e+01  212     0.89000000     0.58018868
6.585322e+01  220     0.89000000     0.59545455
6.256056e+01  230     0.89000000     0.61304348
5.943253e+01  240     0.90000000     0.62500000
5.646090e+01  246     0.90000000     0.63414634
5.363786e+01  251     0.90000000     0.64143426
5.095597e+01  262     0.90000000     0.65648855
4.840817e+01  273     0.90000000     0.67032967
4.598776e+01  279     0.90000000     0.67741935
4.368837e+01  285     0.91000000     0.68070175
4.150395e+01  302     0.91000000     0.69867550
3.942875e+01  311     0.91000000     0.70739550
3.745732e+01  316     0.91000000     0.71202532
3.558445e+01  326     0.91000000     0.72085890
3.380523e+01  338     0.92000000     0.72781065
3.211497e+01  344     0.94000000     0.72674419
3.050922e+01  354     0.94000000     0.73446328
2.898376e+01  362     0.94000000     0.74033149
2.753457e+01  372     0.94000000     0.74731183
2.615784e+01  384     0.95000000     0.75260417
2.484995e+01  386     0.95000000     0.75388601
2.360745e+01  391     0.95000000     0.75703325
2.242708e+01  402     0.95000000     0.76368159
2.130573e+01  414     0.95000000     0.77053140
2.024044e+01  426     0.95000000     0.77699531
1.922842e+01  434     0.96000000     0.77880184
1.826700e+01  439     0.96000000     0.78132118
1.735365e+01  442     0.96000000     0.78280543
1.648596e+01  448     0.96000000     0.78571429
1.566167e+01  459     0.96000000     0.79084967
1.487858e+01  462     0.96000000     0.79220779
1.413465e+01  464     0.96000000     0.79310345
1.342792e+01  481     0.97000000     0.79833680
1.275652e+01  490     0.97000000     0.80204082
1.211870e+01  492     0.97000000     0.80284553
1.151276e+01  497     0.96000000     0.80684105
1.093713e+01  505     0.96000000     0.80990099
1.039027e+01  510     0.96000000     0.81176471
9.870756e+00  514     0.95000000     0.81517510
9.377218e+00  522     0.95000000     0.81800766
8.908357e+00  537     0.95000000     0.82309125
8.462939e+00  538     0.94000000     0.82527881
8.039792e+00  547     0.94000000     0.82815356
7.637803e+00  557     0.94000000     0.83123878
7.255912e+00  562     0.94000000     0.83274021
6.893117e+00  573     0.94000000     0.83595113
6.548461e+00  588     0.95000000     0.83843537
6.221038e+00  606     0.97000000     0.83993399
5.909986e+00  609     0.97000000     0.84072250
5.614487e+00  613     0.97000000     0.84176183
5.333762e+00  625     0.98000000     0.84320000
5.067074e+00  645     0.97000000     0.84961240
4.813721e+00  651     0.98000000     0.84946237
4.573035e+00  653     0.98000000     0.84992343
4.344383e+00  659     0.97000000     0.85280728
4.127164e+00  660     0.97000000     0.85303030
3.920805e+00  664     0.97000000     0.85391566
3.724765e+00  672     0.97000000     0.85565476
3.538527e+00  682     0.97000000     0.85777126
3.361601e+00  692     0.98000000     0.85838150
3.193521e+00  709     0.98000000     0.86177715
3.033845e+00  712     0.98000000     0.86235955
2.882152e+00  718     0.98000000     0.86350975
2.738045e+00  731     0.98000000     0.86593707
2.601142e+00  759     0.98000000     0.87088274
2.471085e+00  767     0.98000000     0.87222947
2.347531e+00  786     0.98000000     0.87531807
2.230155e+00  799     0.98000000     0.87734668
2.118647e+00  804     0.98000000     0.87810945
2.012714e+00  849     0.98000000     0.88457008
1.912079e+00  924     1.00000000     0.89177489
1.816475e+00  940     1.00000000     0.89361702
1.725651e+00  943     1.00000000     0.89395546
1.639369e+00  942     1.00000000     0.89384289
1.557400e+00  955     1.00000000     0.89528796
1.479530e+00  957     1.00000000     0.89550679
1.405554e+00  962     1.00000000     0.89604990
1.335276e+00  963     1.00000000     0.89615784
1.268512e+00  965     1.00000000     0.89637306
1.205086e+00  966     1.00000000     0.89648033
1.144832e+00  968     1.00000000     0.89669421
1.087591e+00  970     1.00000000     0.89690722
1.033211e+00  974     1.00000000     0.89733060
9.815505e-01  978     1.00000000     0.89775051
9.324730e-01  979     1.00000000     0.89785495
8.858493e-01  977     1.00000000     0.89764585
8.415568e-01  979     1.00000000     0.89785495
7.994790e-01  984     1.00000000     0.89837398
7.595051e-01  988     1.00000000     0.89878543
7.215298e-01  990     1.00000000     0.89898990
6.854533e-01  992     0.99000000     0.90020161
6.511806e-01  994     0.99000000     0.90040241
6.186216e-01  995     0.99000000     0.90050251
5.876905e-01  996     1.00000000     0.89959839
5.583060e-01  993     1.00000000     0.89929507
5.303907e-01  994     1.00000000     0.89939638
5.038712e-01  993     1.00000000     0.89929507
4.786776e-01  994     1.00000000     0.89939638
4.547437e-01  996     1.00000000     0.89959839
4.320065e-01  996     1.00000000     0.89959839
4.104062e-01  996     1.00000000     0.89959839
3.898859e-01  996     1.00000000     0.89959839
3.703916e-01  994     1.00000000     0.89939638
3.518720e-01  995     1.00000000     0.89949749
3.342784e-01  996     1.00000000     0.89959839
3.175645e-01  997     1.00000000     0.89969910
3.016863e-01  998     1.00000000     0.89979960
2.866020e-01  997     1.00000000     0.89969910
2.722719e-01  997     1.00000000     0.89969910
2.586583e-01  996     1.00000000     0.89959839
2.457254e-01  996     1.00000000     0.89959839
2.334391e-01  996     1.00000000     0.89959839
2.217671e-01  996     1.00000000     0.89959839
2.106788e-01  996     1.00000000     0.89959839
2.001448e-01  995     1.00000000     0.89949749
1.901376e-01  995     1.00000000     0.89949749
1.806307e-01  995     1.00000000     0.89949749
1.715992e-01  994     1.00000000     0.89939638
1.630192e-01  994     1.00000000     0.89939638
1.548683e-01  995     1.00000000     0.89949749
1.471249e-01  995     1.00000000     0.89949749
1.397686e-01  996     1.00000000     0.89959839
1.327802e-01  996     1.00000000     0.89959839
1.261412e-01  997     1.00000000     0.89969910
1.198341e-01  997     1.00000000     0.89969910
1.138424e-01  998     1.00000000     0.89979960
1.081503e-01  998     1.00000000     0.89979960
1.027428e-01  998     1.00000000     0.89979960
9.760563e-02  998     1.00000000     0.89979960
9.272535e-02  998     1.00000000     0.89979960
8.808908e-02  999     1.00000000     0.89989990
8.368463e-02  999     1.00000000     0.89989990
7.950040e-02  999     1.00000000     0.89989990
7.552538e-02  999     1.00000000     0.89989990
7.174911e-02  999     1.00000000     0.89989990
6.816165e-02  999     1.00000000     0.89989990
6.475357e-02  999     1.00000000     0.89989990
6.151589e-02 1000     1.00000000     0.90000000
