4.677842e+01    0     729.926804    2882.399258
3.508382e+01    6     616.401500    2521.734281
2.631286e+01    7     546.400888    2282.765892
1.973465e+01   10     503.167774    2133.890507
1.480099e+01    8     478.482480    2050.888345
1.110074e+01   15     462.976999    2000.871951
8.325554e+00   17     451.461452    1966.591077
6.244166e+00   24     443.983439    1944.953010
4.683124e+00   32     434.256502    1911.769961
3.512343e+00   34     417.134955    1845.766746
2.634257e+00   39     406.600027    1798.158147
1.975693e+00   41     399.405015    1764.384514
1.481770e+00   53     394.484172    1737.761220
1.111327e+00   62     392.596200    1716.690144
8.334955e-01   79     393.335994    1698.642372
6.251216e-01   98     393.892929    1682.416433
4.688412e-01  117     394.654304    1669.425098
3.516309e-01  146     396.605015    1659.832281
2.637232e-01  155     397.516904    1649.515021
1.977924e-01  170     397.885807    1640.114866
1.483443e-01  185     399.181048    1635.240972
1.112582e-01  199     399.249322    1627.146466
8.344366e-02  217     399.543363    1622.466030
6.258275e-02  242     399.718448    1618.141508
4.693706e-02  269     400.545297    1615.011147
3.520280e-02  312     400.691210    1614.867212
2.640210e-02  348     401.420630    1608.566573
1.980157e-02  365     401.720558    1607.029513
1.485118e-02  407     402.040879    1605.932743
1.113838e-02  432     402.514479    1602.879967
8.353789e-03  456     402.890599    1600.984001
6.265341e-03  494     403.145411    1599.858991
4.699006e-03  531     403.342530    1599.056032
3.524255e-03  561     403.485984    1598.530065
2.643191e-03  615     403.613243    1598.135207
1.982393e-03  655     403.701468    1597.856913
1.486795e-03  681     403.763134    1597.660143
1.115096e-03  703     403.809371    1597.515521
8.363221e-04  734     403.846302    1597.396881
6.272416e-04  766     403.875939    1597.303226
4.704312e-04  797     403.891269    1597.256781
3.528234e-04  852     403.906348    1597.210577
2.646175e-04  874     403.914172    1597.187571
1.984632e-04  900     403.921838    1597.164618
