4.677842e+01    0     729.926804    2882.399258
3.118250e+01    8     583.780713    2410.977359
2.078625e+01   10     509.453908    2155.383499
1.385612e+01   13     475.408763    2040.748528
9.236487e+00   17     455.777973    1979.062492
6.157042e+00   24     444.542929    1945.669390
4.104284e+00   35     426.625163    1883.223355
2.735916e+00   42     409.443597    1811.990601
1.823762e+00   49     399.468951    1766.140797
1.215719e+00   67     393.984075    1730.252458
8.103986e-01   91     394.693081    1703.876250
5.402117e-01  116     395.893925    1682.497228
3.601051e-01  142     396.993947    1665.026785
2.400461e-01  172     399.322142    1653.324177
1.600147e-01  218     401.331597    1646.943540
1.066658e-01  220     401.007597    1631.742654
7.110343e-02  267     401.410034    1631.197841
4.739754e-02  287     401.254837    1618.507780
3.159520e-02  325     401.435821    1618.286699
2.106136e-02  433     401.938110    1615.433131
1.403950e-02  513     402.045323    1615.224380
9.358733e-03  585     402.244384    1614.172843
6.238532e-03  648     402.302736    1613.968997
4.158605e-03  749     402.354277    1613.762823
2.772126e-03  806     402.399004    1613.557202
1.847899e-03  866     402.438751    1613.353855
1.231810e-03  889     402.475900    1613.153737
8.211243e-04  910     402.509254    1612.957364
