4.677842e+01    0    5746.758554   27871.367371
4.443950e+01    8    5599.127266   27424.692900
4.221753e+01    9    5442.539577   26958.341407
4.010665e+01    8    5283.348374   26489.648410
3.810132e+01    8    5124.246113   26024.871778
3.619625e+01    8    4967.470847   25569.089443
3.438644e+01    8    4814.852787   25126.358203
3.266712e+01    9    4668.176176   24699.769438
3.103376e+01   10    4529.113387   24292.176951
2.948207e+01   10    4398.749340   23905.499573
2.800797e+01   11    4278.075900   23540.556469
2.660757e+01   11    4166.725372   23197.857692
2.527719e+01   11    4064.063824   22876.912900
2.401333e+01   11    3969.461286   22576.948553
2.281267e+01   11    3882.317144   22297.046876
2.167203e+01   11    3802.066663   22036.215019
2.058843e+01   11    3728.182506   21793.428434
1.955901e+01   11    3660.173997   21567.658603
1.858106e+01   11    3597.585393   21357.890917
1.765201e+01   11    3539.993833   21163.136238
1.676941e+01   11    3487.007216   20982.438358
1.593094e+01   11    3438.262162   20814.878747
1.513439e+01   12    3393.422036   20659.579360
1.437767e+01   15    3351.859067   20514.975892
1.365879e+01   17    3312.360587   20376.106415
1.297585e+01   17    3275.958396   20247.735554
1.232705e+01   18    3241.935247   20127.157697
1.171070e+01   19    3210.324851   20014.006470
1.112517e+01   20    3180.917191   19907.911777
1.056891e+01   20    3153.554858   19808.500174
1.004046e+01   20    3128.095320   19715.439675
9.538440e+00   20    3104.386946   19628.359538
9.061518e+00   22    3082.232433   19546.681090
8.608442e+00   22    3061.542234   19470.189299
8.178020e+00   23    3041.958506   19398.007790
7.769119e+00   24    3022.587253   19327.978311
7.380663e+00   23    3003.944857   19261.430775
7.011630e+00   23    2985.864829   19197.325422
6.661048e+00   22    2969.883064   19136.343678
6.327996e+00   25    2956.251798   19083.493661
6.011596e+00   27    2943.705254   19032.284104
5.711016e+00   28    2929.577084   18981.253743
5.425465e+00   32    2915.076783   18931.483260
5.154192e+00   32    2901.076595   18884.251927
4.896483e+00   32    2887.698576   18839.764986
4.651658e+00   36    2871.180852   18778.635522
4.419075e+00   39    2849.337509   18694.789367
4.198122e+00   39    2825.591641   18600.429412
3.988216e+00   41    2802.025873   18504.002279
3.788805e+00   41    2779.852108   18410.459954
3.599365e+00   43    2759.820728   18322.364268
3.419396e+00   45    2742.229410   18234.898518
3.248427e+00   46    2726.108611   18147.789010
3.086005e+00   48    2710.923095   18064.125635
2.931705e+00   46    2696.120615   17982.295936
2.785120e+00   48    2681.043397   17901.123490
2.645864e+00   49    2667.702546   17823.853522
2.513571e+00   50    2654.480313   17750.055204
2.387892e+00   50    2641.904571   17679.217500
2.268497e+00   49    2629.991360   17612.634621
2.155073e+00   48    2618.936504   17551.302781
2.047319e+00   51    2608.637612   17493.042477
1.944953e+00   51    2599.373183   17438.324146
1.847705e+00   52    2591.126994   17388.048968
1.755320e+00   53    2583.952570   17341.181769
1.667554e+00   55    2577.765734   17297.417086
1.584176e+00   60    2572.400002   17257.253389
1.504968e+00   61    2565.627070   17218.532437
1.429719e+00   67    2559.731225   17180.249650
1.358233e+00   70    2556.351759   17142.594696
1.290322e+00   73    2555.042787   17102.593776
1.225805e+00   76    2555.983017   17062.587889
1.164515e+00   81    2558.499575   17022.957647
1.106289e+00   83    2564.216834   16983.357516
1.050975e+00   88    2572.786756   16945.982764
9.984262e-01   90    2590.334732   16910.448045
9.485049e-01   93    2615.703914   16876.155399
9.010796e-01   96    2647.733003   16841.295440
8.560257e-01   98    2686.791582   16807.797051
8.132244e-01  105    2732.465169   16776.247851
7.725632e-01  107    2774.549797   16745.765878
7.339350e-01  112    2817.206337   16715.307062
6.972383e-01  119    2858.063907   16685.294075
6.623763e-01  123    2895.322385   16655.017000
6.292575e-01  129    2927.445060   16624.194417
5.977946e-01  134    2961.296667   16592.313210
5.679049e-01  144    2993.798847   16560.076064
5.395097e-01  154    3020.236760   16528.857712
5.125342e-01  154    3042.367548   16498.460390
4.869075e-01  155    3061.668747   16469.097869
4.625621e-01  157    3078.885797   16440.770189
4.394340e-01  159    3094.031684   16413.272128
4.174623e-01  157    3107.666490   16386.175640
3.965892e-01  160    3118.978667   16359.784515
3.767597e-01  164    3129.198778   16333.653561
3.579217e-01  168    3140.654762   16307.706534
3.400257e-01  170    3151.863487   16282.103680
3.230244e-01  176    3161.021644   16256.747163
3.068732e-01  173    3168.490856   16231.534800
2.915295e-01  179    3173.492263   16206.625516
2.769530e-01  180    3177.008194   16182.052410
2.631054e-01  190    3179.537136   16157.991492
2.499501e-01  202    3180.726607   16134.752192
2.374526e-01  205    3181.292580   16111.946883
2.255800e-01  216    3181.162896   16089.442503
2.143010e-01  215    3180.833815   16067.430534
2.035859e-01  212    3180.547023   16045.899012
1.934066e-01  214    3180.285428   16024.818854
1.837363e-01  219    3182.309558   16004.128093
1.745495e-01  224    3187.568787   15984.193318
1.658220e-01  227    3193.999003   15965.045724
1.575309e-01  231    3201.499185   15946.305776
1.496544e-01  235    3209.169016   15928.073021
1.421716e-01  246    3216.080785   15910.431262
1.350631e-01  251    3216.814190   15893.455172
1.283099e-01  257    3213.439830   15877.036277
1.218944e-01  260    3208.178865   15861.268143
1.157997e-01  257    3201.223266   15845.889656
1.100097e-01  257    3193.152310   15830.578179
1.045092e-01  262    3183.744120   15814.873054
9.928376e-02  269    3172.745360   15800.471466
9.431957e-02  279    3161.511118   15786.617689
8.960359e-02  279    3150.079943   15773.214174
8.512341e-02  286    3138.818974   15760.200145
8.086724e-02  281    3127.473732   15747.606731
7.682388e-02  286    3115.655949   15735.288239
7.298269e-02  289    3104.223973   15723.153736
6.933355e-02  299    3093.681165   15711.265519
6.586687e-02  305    3084.169551   15699.742120
6.257353e-02  312    3075.240774   15688.579339
5.944485e-02  314    3066.614332   15677.755433
5.647261e-02  324    3058.214686   15667.115656
5.364898e-02  345    3050.281782   15656.852753
5.096653e-02  345    3040.967605   15647.032383
4.841820e-02  352    3030.295329   15637.511133
4.599729e-02  362    3019.503622   15628.403759
4.369743e-02  366    3009.626664   15619.624732
4.151256e-02  380    2999.949415   15611.001383
3.943693e-02  382    2990.238863   15602.566035
3.746508e-02  387    2979.981089   15594.226008
3.559183e-02  391    2969.459100   15586.079940
3.381224e-02  391    2957.940500   15578.128753
3.212163e-02  409    2948.116549   15570.438541
3.051554e-02  410    2938.487736   15562.968827
2.898977e-02  417    2927.939449   15556.031028
2.754028e-02  436    2918.285155   15549.140481
2.616327e-02  444    2909.646045   15542.313596
2.485510e-02  446    2901.491219   15535.634526
2.361235e-02  458    2893.556105   15529.079163
2.243173e-02  454    2885.672849   15522.649661
2.131014e-02  469    2877.805290   15516.353550
2.024464e-02  474    2869.869081   15510.191769
1.923240e-02  476    2861.965716   15504.143547
1.827078e-02  488    2854.092650   15498.209917
1.735724e-02  497    2846.238635   15492.369041
1.648938e-02  508    2838.362373   15486.652855
1.566491e-02  518    2830.492181   15481.062814
1.488167e-02  522    2822.713241   15475.609585
1.413758e-02  535    2814.992220   15470.275700
1.343071e-02  531    2807.361133   15465.058351
1.275917e-02  536    2799.807189   15459.953510
1.212121e-02  551    2792.309491   15454.963199
1.151515e-02  563    2784.906606   15450.076829
1.093939e-02  577    2777.585633   15445.243041
1.039242e-02  575    2770.396196   15440.507207
9.872802e-03  587    2763.244381   15435.884163
9.379162e-03  598    2756.234975   15431.363677
8.910204e-03  614    2749.266603   15426.933497
8.464694e-03  635    2742.334020   15422.588969
8.041459e-03  639    2735.472825   15418.330479
7.639386e-03  636    2728.699984   15414.157151
7.257417e-03  658    2722.022624   15410.063774
6.894546e-03  650    2715.424228   15406.052093
6.549819e-03  666    2708.900713   15402.119262
6.222328e-03  661    2702.477158   15398.266581
5.911212e-03  682    2696.101939   15394.535798
5.615651e-03  679    2689.780502   15390.884277
5.334868e-03  691    2683.548251   15387.269102
5.068125e-03  690    2677.477086   15383.702712
4.814719e-03  715    2671.405950   15380.120181
4.573983e-03  713    2665.578964   15376.620597
4.345284e-03  732    2659.854721   15373.169719
4.128019e-03  719    2654.251074   15369.771890
3.921618e-03  737    2648.795279   15366.422912
3.725538e-03  733    2643.381598   15363.130787
3.539261e-03  738    2638.049100   15359.895235
3.362298e-03  742    2632.823274   15356.713826
3.194183e-03  756    2627.721177   15353.585282
3.034474e-03  747    2622.754716   15350.507715
2.882750e-03  756    2617.917067   15347.478544
2.738612e-03  763    2613.208949   15344.485162
2.601682e-03  778    2608.611822   15341.537864
2.471598e-03  763    2604.118750   15338.637233
2.348018e-03  790    2599.725609   15335.781079
2.230617e-03  797    2595.422811   15332.980052
2.119086e-03  801    2591.217074   15330.219083
2.013132e-03  823    2587.105968   15327.496290
1.912475e-03  818    2583.086479   15324.811784
1.816851e-03  823    2579.155017   15322.165313
1.726009e-03  831    2575.308086   15319.555857
1.639708e-03  830    2571.541388   15316.982658
1.557723e-03  840    2567.853373   15314.445213
1.479837e-03  845    2564.242283   15311.942566
1.405845e-03  858    2560.707050   15309.473760
1.335553e-03  865    2557.246837   15307.039424
1.268775e-03  868    2553.860899   15304.637147
1.205336e-03  863    2550.545246   15302.269647
1.145070e-03  868    2547.300529   15299.931277
1.087816e-03  872    2544.121157   15297.624225
1.033425e-03  879    2541.006033   15295.347551
9.817540e-04  877    2537.954615   15293.100474
9.326663e-04  888    2534.966016   15290.882642
8.860330e-04  889    2532.048157   15288.691686
8.417313e-04  885    2529.180399   15286.528264
7.996448e-04  887    2526.373669   15284.392315
7.596625e-04  892    2523.623323   15282.282211
7.216794e-04  885    2520.937442   15280.198659
6.855954e-04  882    2518.311638   15278.137365
6.513157e-04  885    2515.750229   15276.104536
6.187499e-04  899    2513.247141   15274.097600
5.878124e-04  899    2510.798896   15272.115175
5.584218e-04  893    2508.406110   15270.157895
5.305007e-04  893    2506.053275   15268.221551
5.039756e-04  906    2503.753232   15266.308405
4.787769e-04  894    2501.503699   15264.417875
4.548380e-04  905    2499.303020   15262.549470
4.320961e-04  912    2497.149852   15260.702771
4.104913e-04  902    2495.043278   15258.878708
3.899668e-04  906    2492.981946   15257.075283
3.704684e-04  912    2490.965355   15255.291859
3.519450e-04  906    2488.992430   15253.528455
3.343477e-04  906    2487.062200   15251.784837
3.176304e-04  912    2485.173844   15250.060700
3.017488e-04  913    2483.326634   15248.355690
2.866614e-04  925    2481.519837   15246.669415
2.723283e-04  921    2479.752794   15245.001577
2.587119e-04  913    2478.024898   15243.351941
2.457763e-04  909    2476.335310   15241.720170
2.334875e-04  926    2474.683645   15240.106079
2.218131e-04  937    2473.069166   15238.509278
2.107225e-04  936    2471.491214   15236.929582
2.001863e-04  936    2469.949213   15235.366873
1.901770e-04  938    2468.442470   15233.820668
1.806682e-04  936    2466.970443   15232.290702
1.716348e-04  927    2465.532510   15230.776720
1.630530e-04  928    2464.128045   15229.278474
1.549004e-04  926    2462.756428   15227.795722
1.471554e-04  930    2461.416773   15226.328118
1.397976e-04  934    2460.107723   15224.874208
1.328077e-04  932    2458.830568   15223.435060
1.261673e-04  933    2457.584303   15222.010708
1.198590e-04  930    2456.368407   15220.601338
1.138660e-04  925    2455.181665   15219.206338
1.081727e-04  936    2454.023559   15217.825449
1.027641e-04  936    2452.893109   15216.458069
9.762587e-05  936    2451.790356   15215.104352
9.274458e-05  929    2450.714764   15213.764581
8.810735e-05  938    2449.665206   15212.436459
8.370198e-05  947    2448.642144   15211.122256
7.951688e-05  949    2447.644315   15209.821059
7.554104e-05  933    2446.671268   15208.532549
7.176399e-05  943    2445.722571   15207.256495
6.817579e-05  944    2444.798051   15205.992410
6.476700e-05  956    2443.896431   15204.740454
