1
3
5
7
9
11
13
15
17
19
21
23
25
27
29
31
33
35
37
39
41
43
45
47
49
51
53
55
57
59
61
63
65
67
69
71
73
75
77
79
81
83
85
87
89
91
93
95
97
99
101
103
105
107
109
111
113
115
117
119
121
123
125
127
129
199
269
339
409
479
549
619
689
759
829
899
969
1039
1109
1179
1249
1319
1389
1459
1529
1599
1669
1739
1809
1879
1949
2019
2089
2159
2229
2299
2369
2439
2509
2579
2649
2719
2789
2859
2929
2999
3069
3139
3209
3279
3349
3419
3489
3559
3629
3699
3769
3839
3909
3979
4049
4119
4189
4259
4329
4399
4469
4539
4609
4679
4749
4819
4889
4959
5029
5099
5169
5239
5309
5379
5449
5519
5589
5659
5729
5799
5869
5939
6009
6079
6149
6219
6289
6359
6429
6499
6569
6639
6709
6779
6849
6919
6989
7059
7129
7199
7269
7339
7409
7479
7549
7619
7689
7759
7829
7899
7969
8039
8109
8179
8249
8319
8389
8459
8529
8599
8669
8739
8809
8879
8949
9019
9089
9159
9229
9299
9369
9439
9509
9579
9649
9719
9789
9859
9929
9999
10069
10139
10209
10279
10349
10419
10489
10559
10629
10699
10769
10839
10909
10979
11049
11119
11189
11259
11329
11399
11469
11539
11609
11679
11749
11819
11889
11959
12029
12099
12169
12239
12309
12379
12449
12519
12589
12659
12729
12799
12869
12939
13009
13079
13149
13219
13289
13359
13429
13499
13569
13639
13709
13779
13849
13919
13989
14059
14129
14199
14269
14339
14409
14479
14549
14619
14689
14759
14829
14899
14969
15039
15109
15179
15249
15319
15389
15459
15529
15599
15669
15739
15809
15879
15949
16019
16089
16159
16229
16299
16369
16439
16509
16579
16649
16719
16789
16859
16929
16999
17069
17139
17209
17279
17349
17419
17489
17559
17629
17699
17769
17839
17909
17979
18049
18119
18189
18259
18329
18399
18469
18539
18609
18679
18749
18819
18889
18959
19029
19099
19169
19239
19309
19379
19449
19519
19589
19659
19729
19799
19869
19939
20009
20079
20149
20219
20289
20359
20429
20499
20569
20639
20709
20779
20849
20919
20989
21059
21129
21199
21269
21339
21409
21479
21549
21619
21689
21759
21829
21899
21969
22039
22109
22179
22249
22319
22389
22459
