1,0.86525,0.8584166666666667
1000,0.139625,0.15325
10000,0.14133333333333334,0.15158333333333332
10040,0.14102083333333335,0.15116666666666667
10080,0.14116666666666666,0.14833333333333334
101,0.17079166666666667,0.16733333333333333
10120,0.14133333333333334,0.15033333333333335
10160,0.1401875,0.15233333333333332
10200,0.14002083333333334,0.15025
10240,0.13997916666666665,0.15775
10280,0.14041666666666666,0.15358333333333332
10320,0.1423125,0.14583333333333334
10360,0.14160416666666667,0.153
1040,0.140125,0.15383333333333332
10440,0.13995833333333332,0.15466666666666667
10480,0.140625,0.15
10520,0.14085416666666667,0.14925
10560,0.14108333333333334,0.15291666666666667
10600,0.14164583333333333,0.14925
10640,0.14139583333333333,0.14991666666666667
10720,0.14139583333333333,0.14833333333333334
10760,0.1405,0.15091666666666667
1080,0.1414375,0.14783333333333334
10800,0.14214583333333333,0.14675
10840,0.140875,0.15308333333333332
10880,0.1414375,0.15016666666666667
10920,0.14064583333333333,0.1485
10960,0.13966666666666666,0.15675
11,0.5679583333333333,0.5748333333333333
11000,0.141,0.15216666666666667
11080,0.14129166666666668,0.14841666666666667
111,0.1644375,0.1675
11120,0.1416875,0.15041666666666667
11160,0.14047916666666665,0.15291666666666667
1120,0.14089583333333333,0.15458333333333332
11200,0.14097916666666666,0.15083333333333335
11240,0.14025,0.15416666666666667
11280,0.14160416666666667,0.14916666666666667
11320,0.14185416666666667,0.15091666666666667
11360,0.14125,0.14891666666666667
11440,0.1414375,0.14575
11520,0.14075,0.152
1160,0.141375,0.1525
11600,0.14102083333333335,0.153
11640,0.141625,0.1505
11680,0.14027083333333334,0.15116666666666667
11720,0.14235416666666667,0.15266666666666667
11760,0.1416875,0.1465
11800,0.1411875,0.14991666666666667
11840,0.14125,0.14741666666666667
11880,0.14216666666666666,0.15041666666666667
11960,0.14108333333333334,0.15
120,0.16452083333333334,0.16425
1200,0.14052083333333334,0.1475
12000,0.14283333333333334,0.14683333333333334
12080,0.13935416666666667,0.15075
121,0.16289583333333332,0.16308333333333333
12160,0.14114583333333333,0.15
12240,0.14010416666666667,0.15508333333333332
12280,0.14185416666666667,0.14508333333333334
12320,0.14141666666666666,0.15041666666666667
12360,0.1425625,0.14766666666666667
1240,0.14175,0.14533333333333334
12400,0.14077083333333335,0.15091666666666667
12440,0.1405625,0.152
12480,0.14008333333333334,0.15375
12520,0.14158333333333334,0.1445
12600,0.140125,0.15325
12640,0.14141666666666666,0.14633333333333334
12720,0.14252083333333335,0.14466666666666667
1280,0.14185416666666667,0.14633333333333334
12800,0.14158333333333334,0.146
12840,0.1400625,0.15441666666666667
12880,0.14179166666666668,0.148
12920,0.14125,0.14833333333333334
12960,0.14039583333333333,0.15216666666666667
13000,0.1413125,0.1535
13040,0.14089583333333333,0.14925
13080,0.141125,0.15158333333333332
131,0.16347916666666668,0.16591666666666666
1320,0.14064583333333333,0.14758333333333334
13200,0.1396875,0.15525
13240,0.14052083333333334,0.15175
13440,0.13920833333333332,0.15241666666666667
13520,0.141875,0.1455
13560,0.14177083333333335,0.15233333333333332
1360,0.14189583333333333,0.14483333333333334
13600,0.140375,0.15233333333333332
13680,0.13995833333333332,0.15341666666666667
13720,0.14058333333333334,0.14958333333333335
13760,0.14072916666666666,0.14558333333333334
13880,0.13977083333333334,0.15425
13960,0.14027083333333334,0.15158333333333332
1400,0.14220833333333333,0.14483333333333334
14040,0.14079166666666668,0.15333333333333332
14080,0.14129166666666668,0.15158333333333332
141,0.15845833333333334,0.15941666666666668
14200,0.13997916666666665,0.149
14240,0.14164583333333333,0.15166666666666667
14320,0.1413125,0.14866666666666667
14360,0.14097916666666666,0.14741666666666667
1440,0.1408125,0.14958333333333335
14440,0.1415,0.14616666666666667
14520,0.14147916666666666,0.15291666666666667
14560,0.1415,0.1535
14600,0.14170833333333333,0.15066666666666667
14680,0.14114583333333333,0.15166666666666667
14720,0.13989583333333333,0.14991666666666667
14760,0.14189583333333333,0.14616666666666667
1480,0.1398125,0.15725
14800,0.1415625,0.1515
14840,0.14245833333333333,0.14575
14880,0.14108333333333334,0.15558333333333332
14920,0.14133333333333334,0.145
15040,0.140125,0.152
151,0.152625,0.15858333333333333
15120,0.14079166666666668,0.155
15160,0.14075,0.151
1520,0.14125,0.14783333333333334
15360,0.14125,0.1495
15400,0.14054166666666668,0.15691666666666668
15480,0.14202083333333335,0.14908333333333335
15520,0.14329166666666668,0.1435
1560,0.14035416666666667,0.14791666666666667
15640,0.139625,0.15441666666666667
15680,0.14145833333333332,0.15008333333333335
15720,0.14189583333333333,0.15083333333333335
15840,0.14158333333333334,0.14816666666666667
15880,0.142125,0.14941666666666667
160,0.15514583333333334,0.15691666666666668
1600,0.1415,0.14858333333333335
16000,0.1401875,0.15083333333333335
16080,0.14160416666666667,0.15033333333333335
16160,0.1409375,0.15508333333333332
16200,0.14227083333333335,0.1465
16320,0.14166666666666666,0.14525
16360,0.14095833333333332,0.152
1640,0.14139583333333333,0.15016666666666667
16440,0.14016666666666666,0.15283333333333332
16600,0.14089583333333333,0.15275
16640,0.14064583333333333,0.149
16720,0.14141666666666666,0.1525
1680,0.1406875,0.15191666666666667
16840,0.14210416666666667,0.14933333333333335
16960,0.14114583333333333,0.14658333333333334
17040,0.14025,0.15016666666666667
17080,0.1416875,0.15475
17160,0.14008333333333334,0.15066666666666667
1720,0.1419375,0.15266666666666667
17200,0.14077083333333335,0.15216666666666667
17280,0.14095833333333332,0.147
17360,0.14345833333333333,0.14183333333333334
17480,0.14191666666666666,0.14375
1760,0.14072916666666666,0.15325
17720,0.14041666666666666,0.14983333333333335
17800,0.14008333333333334,0.154
17920,0.14095833333333332,0.14583333333333334
1800,0.14008333333333334,0.15391666666666667
18000,0.14183333333333334,0.14933333333333335
18120,0.14125,0.14733333333333334
18160,0.1419375,0.14516666666666667
18240,0.14202083333333335,0.14166666666666666
18280,0.1411875,0.14833333333333334
1840,0.14125,0.15091666666666667
18520,0.1418125,0.1465
1880,0.14177083333333335,0.14883333333333335
1920,0.14025,0.15375
1960,0.14233333333333334,0.14566666666666667
200,0.14983333333333335,0.15225
2000,0.1423125,0.14816666666666667
2040,0.14222916666666666,0.14758333333333334
2080,0.14033333333333334,0.15566666666666668
21,0.3668958333333333,0.3705
2120,0.14058333333333334,0.15391666666666667
2160,0.14235416666666667,0.14566666666666667
2200,0.13952083333333334,0.15566666666666668
2240,0.141125,0.15033333333333335
2280,0.13927083333333334,0.15583333333333332
2320,0.1421875,0.14958333333333335
2360,0.14195833333333333,0.14933333333333335
240,0.14847916666666666,0.15516666666666667
2400,0.1399375,0.15433333333333332
2440,0.1416875,0.15025
2480,0.1421875,0.1485
2520,0.14075,0.14875
2560,0.14120833333333332,0.14808333333333334
2600,0.141,0.1515
2640,0.14020833333333332,0.15183333333333332
2680,0.1425,0.148
2720,0.14085416666666667,0.15291666666666667
2760,0.14116666666666666,0.15325
280,0.1481875,0.14391666666666666
2800,0.14170833333333333,0.15233333333333332
2840,0.14141666666666666,0.15058333333333335
2880,0.14020833333333332,0.15566666666666668
2920,0.14214583333333333,0.15191666666666667
2960,0.1409375,0.154
3000,0.14139583333333333,0.15325
3040,0.14025,0.15316666666666667
3080,0.14039583333333333,0.15058333333333335
31,0.329,0.32725
3120,0.1415625,0.14758333333333334
3160,0.14172916666666666,0.14833333333333334
320,0.14585416666666667,0.14733333333333334
3200,0.1411875,0.15566666666666668
3240,0.14039583333333333,0.14891666666666667
3280,0.14225,0.14341666666666666
3320,0.140875,0.15391666666666667
3360,0.141875,0.15383333333333332
3400,0.14104166666666668,0.15133333333333332
3440,0.14095833333333332,0.15241666666666667
3480,0.1413125,0.14891666666666667
3520,0.14158333333333334,0.14691666666666667
3560,0.1406875,0.15208333333333332
360,0.14402083333333332,0.14583333333333334
3600,0.14016666666666666,0.159
3640,0.1415,0.14808333333333334
3680,0.14095833333333332,0.15091666666666667
3720,0.14058333333333334,0.15183333333333332
3760,0.14127083333333335,0.15175
3800,0.14075,0.15233333333333332
3840,0.14158333333333334,0.14725
3880,0.13983333333333334,0.15183333333333332
3920,0.14177083333333335,0.15066666666666667
3960,0.14097916666666666,0.15266666666666667
40,0.25464583333333335,0.26008333333333333
400,0.1428125,0.14675
4000,0.1405625,0.15025
4040,0.14272916666666666,0.14183333333333334
4080,0.14297916666666666,0.14883333333333335
41,0.2471875,0.23725
4120,0.14008333333333334,0.15391666666666667
4160,0.14029166666666668,0.15508333333333332
4200,0.14070833333333332,0.15091666666666667
4240,0.14097916666666666,0.15125
4280,0.14191666666666666,0.15075
4320,0.14141666666666666,0.14983333333333335
4360,0.14160416666666667,0.14858333333333335
440,0.14339583333333333,0.14575
4400,0.14177083333333335,0.1485
4440,0.14175,0.15658333333333332
4480,0.14070833333333332,0.1505
4520,0.1393125,0.15458333333333332
4560,0.1415,0.14508333333333334
4600,0.141875,0.14791666666666667
4640,0.14185416666666667,0.14816666666666667
4680,0.14085416666666667,0.15066666666666667
4720,0.1405625,0.15125
4760,0.14210416666666667,0.14816666666666667
480,0.142625,0.1465
4800,0.14210416666666667,0.15075
4840,0.14083333333333334,0.151
4880,0.14179166666666668,0.15341666666666667
4920,0.1418125,0.14691666666666667
4960,0.14208333333333334,0.14891666666666667
5000,0.1401875,0.14733333333333334
5040,0.13922916666666665,0.15808333333333333
5080,0.14110416666666667,0.14891666666666667
51,0.20722916666666666,0.20608333333333334
5120,0.14058333333333334,0.15433333333333332
5160,0.14091666666666666,0.14925
520,0.14335416666666667,0.14308333333333334
5200,0.14147916666666666,0.14783333333333334
5240,0.14127083333333335,0.14758333333333334
5280,0.14014583333333333,0.14933333333333335
5320,0.1414375,0.15041666666666667
5360,0.13997916666666665,0.14508333333333334
5400,0.14054166666666668,0.15491666666666667
5440,0.14102083333333335,0.14766666666666667
5480,0.14060416666666667,0.14758333333333334
5520,0.13935416666666667,0.159
5560,0.14252083333333335,0.14591666666666667
560,0.14279166666666668,0.14725
5600,0.14075,0.14883333333333335
5640,0.14052083333333334,0.14841666666666667
5680,0.141,0.1505
5720,0.1416875,0.15016666666666667
5760,0.1431875,0.148
5800,0.1415625,0.14608333333333334
5840,0.14020833333333332,0.1465
5880,0.14097916666666666,0.14925
5920,0.142,0.15108333333333332
5960,0.14095833333333332,0.15208333333333332
600,0.140625,0.151
6000,0.1414375,0.14558333333333334
6040,0.1415,0.151
6080,0.1415,0.14591666666666667
61,0.20322916666666666,0.20116666666666666
6120,0.14095833333333332,0.14575
6160,0.1405625,0.154
6200,0.14185416666666667,0.14716666666666667
6240,0.14064583333333333,0.15525
6280,0.14145833333333332,0.14566666666666667
6320,0.14216666666666666,0.14816666666666667
6360,0.1421875,0.14958333333333335
640,0.1411875,0.14933333333333335
6400,0.140875,0.15175
6440,0.14225,0.1455
6480,0.14089583333333333,0.14991666666666667
6520,0.13991666666666666,0.15391666666666667
6560,0.140625,0.15441666666666667
6600,0.1423125,0.14691666666666667
6640,0.14054166666666668,0.152
6680,0.14035416666666667,0.15333333333333332
6720,0.14008333333333334,0.15775
6760,0.14141666666666666,0.14991666666666667
680,0.14160416666666667,0.14466666666666667
6800,0.14060416666666667,0.14675
6840,0.142,0.15075
6880,0.14164583333333333,0.15316666666666667
6920,0.14025,0.15408333333333332
6960,0.14116666666666666,0.15366666666666667
7000,0.14254166666666668,0.1405
7040,0.14133333333333334,0.15
7080,0.14016666666666666,0.14875
71,0.18954166666666666,0.19975
7120,0.14191666666666666,0.14991666666666667
7160,0.14025,0.15058333333333335
720,0.14004166666666668,0.15366666666666667
7200,0.14314583333333333,0.14516666666666667
7240,0.14008333333333334,0.15808333333333333
7280,0.141375,0.1475
7320,0.13933333333333334,0.1575
7360,0.14091666666666666,0.14725
7400,0.14097916666666666,0.14916666666666667
7440,0.13910416666666667,0.15533333333333332
7480,0.14133333333333334,0.14666666666666667
7520,0.14104166666666668,0.15175
7560,0.14033333333333334,0.15191666666666667
760,0.14064583333333333,0.14858333333333335
7600,0.14058333333333334,0.15066666666666667
7640,0.14216666666666666,0.14816666666666667
7680,0.14127083333333335,0.14558333333333334
7720,0.14102083333333335,0.15216666666666667
7760,0.14202083333333335,0.14825
7800,0.14116666666666666,0.149
7840,0.14141666666666666,0.15416666666666667
7880,0.1413125,0.1475
7920,0.14064583333333333,0.149
7960,0.1424375,0.14683333333333334
80,0.18716666666666668,0.19508333333333333
800,0.14160416666666667,0.15008333333333335
8000,0.142125,0.14758333333333334
8040,0.14233333333333334,0.14641666666666667
8080,0.14177083333333335,0.1455
81,0.18377083333333333,0.1835
8120,0.1398125,0.15766666666666668
8160,0.141625,0.1495
8200,0.14097916666666666,0.14783333333333334
8240,0.1421875,0.14891666666666667
8280,0.14075,0.15008333333333335
8320,0.13983333333333334,0.15733333333333333
8360,0.14185416666666667,0.14675
840,0.14129166666666668,0.149
8400,0.13979166666666668,0.15558333333333332
8440,0.14283333333333334,0.14058333333333334
8480,0.1406875,0.15025
8520,0.14147916666666666,0.14875
8560,0.1425,0.146
8600,0.14195833333333333,0.14958333333333335
8640,0.14208333333333334,0.14875
8680,0.14060416666666667,0.14983333333333335
8720,0.14172916666666666,0.144
8760,0.14004166666666668,0.15141666666666667
880,0.14172916666666666,0.15033333333333335
8800,0.14125,0.15408333333333332
8840,0.1414375,0.14725
8880,0.14129166666666668,0.14916666666666667
8920,0.1405625,0.15316666666666667
8960,0.1414375,0.14933333333333335
9000,0.14047916666666665,0.15291666666666667
9040,0.14083333333333334,0.15375
9080,0.14035416666666667,0.15125
91,0.17460416666666667,0.17633333333333334
9120,0.141375,0.1485
9160,0.141,0.15341666666666667
920,0.14091666666666666,0.15575
9200,0.14045833333333332,0.1525
9240,0.14116666666666666,0.14658333333333334
9280,0.13922916666666665,0.15191666666666667
9320,0.14052083333333334,0.15425
9360,0.14239583333333333,0.14941666666666667
9400,0.14041666666666666,0.15425
9440,0.1404375,0.15533333333333332
9480,0.1416875,0.14733333333333334
9520,0.14241666666666666,0.1545
9560,0.14,0.15191666666666667
960,0.14004166666666668,0.1555
9600,0.140375,0.15341666666666667
9640,0.141875,0.15075
9680,0.1415625,0.14758333333333334
9720,0.14204166666666668,0.14266666666666666
9760,0.140625,0.14891666666666667
9800,0.1421875,0.14475
9840,0.1414375,0.15066666666666667
9880,0.14260416666666667,0.1435
9960,0.1408125,0.15066666666666667
