1,0.8206041666666667,0.8203333333333334
10,0.5083541666666667,0.5135833333333333
100,0.17189583333333333,0.17691666666666667
1000,0.139625,0.15325
10000,0.14133333333333334,0.15158333333333332
10040,0.14102083333333335,0.15116666666666667
10080,0.14116666666666666,0.14833333333333334
101,0.17079166666666667,0.16733333333333333
101,0.17083333333333334,0.17408333333333334
10120,0.14133333333333334,0.15033333333333335
10160,0.1401875,0.15233333333333332
102,0.16875,0.16591666666666666
10200,0.14002083333333334,0.15025
10240,0.13997916666666665,0.15775
10280,0.14041666666666666,0.15358333333333332
103,0.172,0.16766666666666666
10320,0.1423125,0.14583333333333334
10360,0.14160416666666667,0.153
104,0.17314583333333333,0.17825
1040,0.140125,0.15383333333333332
10440,0.13995833333333332,0.15466666666666667
10480,0.140625,0.15
105,0.17241666666666666,0.17708333333333334
10520,0.14085416666666667,0.14925
10560,0.14108333333333334,0.15291666666666667
106,0.16777083333333334,0.16716666666666666
10600,0.14164583333333333,0.14925
10640,0.14139583333333333,0.14991666666666667
107,0.168375,0.16316666666666665
10720,0.14139583333333333,0.14833333333333334
10760,0.1405,0.15091666666666667
108,0.1733125,0.16666666666666666
1080,0.1414375,0.14783333333333334
10800,0.14214583333333333,0.14675
10840,0.140875,0.15308333333333332
10880,0.1414375,0.15016666666666667
109,0.1663125,0.16658333333333333
10920,0.14064583333333333,0.1485
10960,0.13966666666666666,0.15675
11,0.5679583333333333,0.5748333333333333
11,0.4893958333333333,0.49183333333333334
110,0.16579166666666667,0.1745
11000,0.141,0.15216666666666667
11080,0.14129166666666668,0.14841666666666667
111,0.1644375,0.1675
111,0.16745833333333332,0.17183333333333334
11120,0.1416875,0.15041666666666667
11160,0.14047916666666665,0.15291666666666667
112,0.1634375,0.16475
1120,0.14089583333333333,0.15458333333333332
11200,0.14097916666666666,0.15083333333333335
11240,0.14025,0.15416666666666667
11280,0.14160416666666667,0.14916666666666667
113,0.17045833333333332,0.17108333333333334
11320,0.14185416666666667,0.15091666666666667
11360,0.14125,0.14891666666666667
114,0.1654375,0.16733333333333333
11440,0.1414375,0.14575
115,0.16091666666666668,0.16975
11520,0.14075,0.152
116,0.162125,0.16533333333333333
1160,0.141375,0.1525
11600,0.14102083333333335,0.153
11640,0.141625,0.1505
11680,0.14027083333333334,0.15116666666666667
117,0.16491666666666666,0.1665
11720,0.14235416666666667,0.15266666666666667
11760,0.1416875,0.1465
118,0.16435416666666666,0.16158333333333333
11800,0.1411875,0.14991666666666667
11840,0.14125,0.14741666666666667
11880,0.14216666666666666,0.15041666666666667
119,0.16235416666666666,0.16775
11960,0.14108333333333334,0.15
12,0.43272916666666666,0.43266666666666664
120,0.16452083333333334,0.16425
120,0.1668125,0.1595
1200,0.14052083333333334,0.1475
12000,0.14283333333333334,0.14683333333333334
12080,0.13935416666666667,0.15075
121,0.16289583333333332,0.16308333333333333
121,0.16252083333333334,0.16591666666666666
12160,0.14114583333333333,0.15
122,0.1661875,0.16158333333333333
12240,0.14010416666666667,0.15508333333333332
12280,0.14185416666666667,0.14508333333333334
123,0.1594375,0.16091666666666668
12320,0.14141666666666666,0.15041666666666667
12360,0.1425625,0.14766666666666667
124,0.16310416666666666,0.16516666666666666
1240,0.14175,0.14533333333333334
12400,0.14077083333333335,0.15091666666666667
12440,0.1405625,0.152
12480,0.14008333333333334,0.15375
125,0.16322916666666668,0.16566666666666666
12520,0.14158333333333334,0.1445
126,0.16125,0.16766666666666666
12600,0.140125,0.15325
12640,0.14141666666666666,0.14633333333333334
127,0.16110416666666666,0.15758333333333333
12720,0.14252083333333335,0.14466666666666667
128,0.16097916666666667,0.16408333333333333
1280,0.14185416666666667,0.14633333333333334
12800,0.14158333333333334,0.146
12840,0.1400625,0.15441666666666667
12880,0.14179166666666668,0.148
12920,0.14125,0.14833333333333334
12960,0.14039583333333333,0.15216666666666667
13,0.47570833333333334,0.48033333333333333
13000,0.1413125,0.1535
13040,0.14089583333333333,0.14925
13080,0.141125,0.15158333333333332
131,0.16347916666666668,0.16591666666666666
1320,0.14064583333333333,0.14758333333333334
13200,0.1396875,0.15525
13240,0.14052083333333334,0.15175
13440,0.13920833333333332,0.15241666666666667
13520,0.141875,0.1455
13560,0.14177083333333335,0.15233333333333332
1360,0.14189583333333333,0.14483333333333334
13600,0.140375,0.15233333333333332
13680,0.13995833333333332,0.15341666666666667
13720,0.14058333333333334,0.14958333333333335
13760,0.14072916666666666,0.14558333333333334
13880,0.13977083333333334,0.15425
13960,0.14027083333333334,0.15158333333333332
14,0.5028958333333333,0.5020833333333333
1400,0.14220833333333333,0.14483333333333334
14040,0.14079166666666668,0.15333333333333332
14080,0.14129166666666668,0.15158333333333332
141,0.15845833333333334,0.15941666666666668
14200,0.13997916666666665,0.149
14240,0.14164583333333333,0.15166666666666667
14320,0.1413125,0.14866666666666667
14360,0.14097916666666666,0.14741666666666667
1440,0.1408125,0.14958333333333335
14440,0.1415,0.14616666666666667
14520,0.14147916666666666,0.15291666666666667
14560,0.1415,0.1535
14600,0.14170833333333333,0.15066666666666667
14680,0.14114583333333333,0.15166666666666667
14720,0.13989583333333333,0.14991666666666667
14760,0.14189583333333333,0.14616666666666667
1480,0.1398125,0.15725
14800,0.1415625,0.1515
14840,0.14245833333333333,0.14575
14880,0.14108333333333334,0.15558333333333332
14920,0.14133333333333334,0.145
15,0.41372916666666665,0.41991666666666666
15040,0.140125,0.152
151,0.152625,0.15858333333333333
15120,0.14079166666666668,0.155
15160,0.14075,0.151
1520,0.14125,0.14783333333333334
15360,0.14125,0.1495
15400,0.14054166666666668,0.15691666666666668
15480,0.14202083333333335,0.14908333333333335
15520,0.14329166666666668,0.1435
1560,0.14035416666666667,0.14791666666666667
15640,0.139625,0.15441666666666667
15680,0.14145833333333332,0.15008333333333335
15720,0.14189583333333333,0.15083333333333335
15840,0.14158333333333334,0.14816666666666667
15880,0.142125,0.14941666666666667
16,0.40558333333333335,0.4066666666666667
160,0.15514583333333334,0.15691666666666668
1600,0.1415,0.14858333333333335
16000,0.1401875,0.15083333333333335
16080,0.14160416666666667,0.15033333333333335
16160,0.1409375,0.15508333333333332
16200,0.14227083333333335,0.1465
16320,0.14166666666666666,0.14525
16360,0.14095833333333332,0.152
1640,0.14139583333333333,0.15016666666666667
16440,0.14016666666666666,0.15283333333333332
16600,0.14089583333333333,0.15275
16640,0.14064583333333333,0.149
16720,0.14141666666666666,0.1525
1680,0.1406875,0.15191666666666667
16840,0.14210416666666667,0.14933333333333335
16960,0.14114583333333333,0.14658333333333334
17,0.38864583333333336,0.38725
17040,0.14025,0.15016666666666667
17080,0.1416875,0.15475
17160,0.14008333333333334,0.15066666666666667
1720,0.1419375,0.15266666666666667
17200,0.14077083333333335,0.15216666666666667
17280,0.14095833333333332,0.147
17360,0.14345833333333333,0.14183333333333334
17480,0.14191666666666666,0.14375
1760,0.14072916666666666,0.15325
17720,0.14041666666666666,0.14983333333333335
17800,0.14008333333333334,0.154
17920,0.14095833333333332,0.14583333333333334
18,0.3622708333333333,0.3621666666666667
1800,0.14008333333333334,0.15391666666666667
18000,0.14183333333333334,0.14933333333333335
18120,0.14125,0.14733333333333334
18160,0.1419375,0.14516666666666667
18240,0.14202083333333335,0.14166666666666666
18280,0.1411875,0.14833333333333334
1840,0.14125,0.15091666666666667
18520,0.1418125,0.1465
1880,0.14177083333333335,0.14883333333333335
19,0.3541458333333333,0.3550833333333333
1920,0.14025,0.15375
1960,0.14233333333333334,0.14566666666666667
2,0.75525,0.7559166666666667
20,0.3983125,0.40066666666666667
200,0.14983333333333335,0.15225
2000,0.1423125,0.14816666666666667
2040,0.14222916666666666,0.14758333333333334
2080,0.14033333333333334,0.15566666666666668
21,0.3668958333333333,0.3705
21,0.3748958333333333,0.37516666666666665
2120,0.14058333333333334,0.15391666666666667
2160,0.14235416666666667,0.14566666666666667
22,0.34302083333333333,0.33758333333333335
2200,0.13952083333333334,0.15566666666666668
2240,0.141125,0.15033333333333335
2280,0.13927083333333334,0.15583333333333332
23,0.3818958333333333,0.38208333333333333
2320,0.1421875,0.14958333333333335
2360,0.14195833333333333,0.14933333333333335
24,0.33358333333333334,0.3335
240,0.14847916666666666,0.15516666666666667
2400,0.1399375,0.15433333333333332
2440,0.1416875,0.15025
2480,0.1421875,0.1485
25,0.3370416666666667,0.33266666666666667
2520,0.14075,0.14875
2560,0.14120833333333332,0.14808333333333334
26,0.3262083333333333,0.33158333333333334
2600,0.141,0.1515
2640,0.14020833333333332,0.15183333333333332
2680,0.1425,0.148
27,0.3260416666666667,0.33691666666666664
2720,0.14085416666666667,0.15291666666666667
2760,0.14116666666666666,0.15325
28,0.302875,0.3089166666666667
280,0.1481875,0.14391666666666666
2800,0.14170833333333333,0.15233333333333332
2840,0.14141666666666666,0.15058333333333335
2880,0.14020833333333332,0.15566666666666668
29,0.29660416666666667,0.2976666666666667
2920,0.14214583333333333,0.15191666666666667
2960,0.1409375,0.154
3,0.6765416666666667,0.6708333333333333
30,0.30764583333333334,0.31683333333333336
3000,0.14139583333333333,0.15325
3040,0.14025,0.15316666666666667
3080,0.14039583333333333,0.15058333333333335
31,0.329,0.32725
31,0.29133333333333333,0.2965833333333333
3120,0.1415625,0.14758333333333334
3160,0.14172916666666666,0.14833333333333334
32,0.29570833333333335,0.30541666666666667
320,0.14585416666666667,0.14733333333333334
3200,0.1411875,0.15566666666666668
3240,0.14039583333333333,0.14891666666666667
3280,0.14225,0.14341666666666666
33,0.2733125,0.27891666666666665
3320,0.140875,0.15391666666666667
3360,0.141875,0.15383333333333332
34,0.25947916666666665,0.26066666666666666
3400,0.14104166666666668,0.15133333333333332
3440,0.14095833333333332,0.15241666666666667
3480,0.1413125,0.14891666666666667
35,0.28572916666666665,0.28141666666666665
3520,0.14158333333333334,0.14691666666666667
3560,0.1406875,0.15208333333333332
36,0.24504166666666666,0.2559166666666667
360,0.14402083333333332,0.14583333333333334
3600,0.14016666666666666,0.159
3640,0.1415,0.14808333333333334
3680,0.14095833333333332,0.15091666666666667
37,0.27620833333333333,0.27466666666666667
3720,0.14058333333333334,0.15183333333333332
3760,0.14127083333333335,0.15175
38,0.269875,0.2695
3800,0.14075,0.15233333333333332
3840,0.14158333333333334,0.14725
3880,0.13983333333333334,0.15183333333333332
39,0.2624375,0.26725
3920,0.14177083333333335,0.15066666666666667
3960,0.14097916666666666,0.15266666666666667
4,0.6860833333333334,0.6884166666666667
40,0.25464583333333335,0.26008333333333333
40,0.26460416666666664,0.27225
400,0.1428125,0.14675
4000,0.1405625,0.15025
4040,0.14272916666666666,0.14183333333333334
4080,0.14297916666666666,0.14883333333333335
41,0.2471875,0.23725
41,0.2530208333333333,0.25683333333333336
4120,0.14008333333333334,0.15391666666666667
4160,0.14029166666666668,0.15508333333333332
42,0.24954166666666666,0.24491666666666667
4200,0.14070833333333332,0.15091666666666667
4240,0.14097916666666666,0.15125
4280,0.14191666666666666,0.15075
43,0.2483125,0.25275
4320,0.14141666666666666,0.14983333333333335
4360,0.14160416666666667,0.14858333333333335
44,0.24672916666666667,0.245
440,0.14339583333333333,0.14575
4400,0.14177083333333335,0.1485
4440,0.14175,0.15658333333333332
4480,0.14070833333333332,0.1505
45,0.24783333333333332,0.24075
4520,0.1393125,0.15458333333333332
4560,0.1415,0.14508333333333334
46,0.2284375,0.22775
4600,0.141875,0.14791666666666667
4640,0.14185416666666667,0.14816666666666667
4680,0.14085416666666667,0.15066666666666667
47,0.23702083333333332,0.243
4720,0.1405625,0.15125
4760,0.14210416666666667,0.14816666666666667
48,0.2256875,0.22233333333333333
480,0.142625,0.1465
4800,0.14210416666666667,0.15075
4840,0.14083333333333334,0.151
4880,0.14179166666666668,0.15341666666666667
49,0.22589583333333332,0.22133333333333333
4920,0.1418125,0.14691666666666667
4960,0.14208333333333334,0.14891666666666667
5,0.6512291666666666,0.6539166666666667
50,0.23275,0.2355
5000,0.1401875,0.14733333333333334
5040,0.13922916666666665,0.15808333333333333
5080,0.14110416666666667,0.14891666666666667
51,0.20722916666666666,0.20608333333333334
51,0.23204166666666667,0.22625
5120,0.14058333333333334,0.15433333333333332
5160,0.14091666666666666,0.14925
52,0.21585416666666668,0.21591666666666667
520,0.14335416666666667,0.14308333333333334
5200,0.14147916666666666,0.14783333333333334
5240,0.14127083333333335,0.14758333333333334
5280,0.14014583333333333,0.14933333333333335
53,0.20908333333333334,0.20975
5320,0.1414375,0.15041666666666667
5360,0.13997916666666665,0.14508333333333334
54,0.20991666666666667,0.21233333333333335
5400,0.14054166666666668,0.15491666666666667
5440,0.14102083333333335,0.14766666666666667
5480,0.14060416666666667,0.14758333333333334
55,0.2140625,0.20908333333333334
5520,0.13935416666666667,0.159
5560,0.14252083333333335,0.14591666666666667
56,0.21460416666666668,0.22325
560,0.14279166666666668,0.14725
5600,0.14075,0.14883333333333335
5640,0.14052083333333334,0.14841666666666667
5680,0.141,0.1505
57,0.215125,0.21083333333333334
5720,0.1416875,0.15016666666666667
5760,0.1431875,0.148
58,0.21664583333333334,0.21441666666666667
5800,0.1415625,0.14608333333333334
5840,0.14020833333333332,0.1465
5880,0.14097916666666666,0.14925
59,0.20433333333333334,0.20866666666666667
5920,0.142,0.15108333333333332
5960,0.14095833333333332,0.15208333333333332
6,0.6243541666666667,0.6228333333333333
60,0.21020833333333333,0.20716666666666667
600,0.140625,0.151
6000,0.1414375,0.14558333333333334
6040,0.1415,0.151
6080,0.1415,0.14591666666666667
61,0.20322916666666666,0.20116666666666666
61,0.2134375,0.20975
6120,0.14095833333333332,0.14575
6160,0.1405625,0.154
62,0.20664583333333333,0.20733333333333334
6200,0.14185416666666667,0.14716666666666667
6240,0.14064583333333333,0.15525
6280,0.14145833333333332,0.14566666666666667
63,0.20389583333333333,0.2065
6320,0.14216666666666666,0.14816666666666667
6360,0.1421875,0.14958333333333335
64,0.190375,0.19091666666666668
640,0.1411875,0.14933333333333335
6400,0.140875,0.15175
6440,0.14225,0.1455
6480,0.14089583333333333,0.14991666666666667
65,0.2064375,0.20508333333333334
6520,0.13991666666666666,0.15391666666666667
6560,0.140625,0.15441666666666667
66,0.20370833333333332,0.20341666666666666
6600,0.1423125,0.14691666666666667
6640,0.14054166666666668,0.152
6680,0.14035416666666667,0.15333333333333332
67,0.1908125,0.19066666666666668
6720,0.14008333333333334,0.15775
6760,0.14141666666666666,0.14991666666666667
68,0.20102083333333334,0.19208333333333333
680,0.14160416666666667,0.14466666666666667
6800,0.14060416666666667,0.14675
6840,0.142,0.15075
6880,0.14164583333333333,0.15316666666666667
69,0.20197916666666665,0.201
6920,0.14025,0.15408333333333332
6960,0.14116666666666666,0.15366666666666667
7,0.5790625,0.57425
70,0.19722916666666668,0.19308333333333333
7000,0.14254166666666668,0.1405
7040,0.14133333333333334,0.15
7080,0.14016666666666666,0.14875
71,0.18954166666666666,0.19975
71,0.18697916666666667,0.19108333333333333
7120,0.14191666666666666,0.14991666666666667
7160,0.14025,0.15058333333333335
72,0.19029166666666666,0.20108333333333334
720,0.14004166666666668,0.15366666666666667
7200,0.14314583333333333,0.14516666666666667
7240,0.14008333333333334,0.15808333333333333
7280,0.141375,0.1475
73,0.18889583333333335,0.193
7320,0.13933333333333334,0.1575
7360,0.14091666666666666,0.14725
74,0.1865,0.19608333333333333
7400,0.14097916666666666,0.14916666666666667
7440,0.13910416666666667,0.15533333333333332
7480,0.14133333333333334,0.14666666666666667
75,0.194,0.18733333333333332
7520,0.14104166666666668,0.15175
7560,0.14033333333333334,0.15191666666666667
76,0.1939375,0.18808333333333332
760,0.14064583333333333,0.14858333333333335
7600,0.14058333333333334,0.15066666666666667
7640,0.14216666666666666,0.14816666666666667
7680,0.14127083333333335,0.14558333333333334
77,0.182875,0.18358333333333332
7720,0.14102083333333335,0.15216666666666667
7760,0.14202083333333335,0.14825
78,0.18814583333333335,0.19966666666666666
7800,0.14116666666666666,0.149
7840,0.14141666666666666,0.15416666666666667
7880,0.1413125,0.1475
79,0.18627083333333333,0.19075
7920,0.14064583333333333,0.149
7960,0.1424375,0.14683333333333334
8,0.587875,0.5801666666666667
80,0.18716666666666668,0.19508333333333333
80,0.188875,0.18666666666666668
800,0.14160416666666667,0.15008333333333335
8000,0.142125,0.14758333333333334
8040,0.14233333333333334,0.14641666666666667
8080,0.14177083333333335,0.1455
81,0.18377083333333333,0.1835
81,0.1764375,0.18116666666666667
8120,0.1398125,0.15766666666666668
8160,0.141625,0.1495
82,0.1918125,0.18708333333333332
8200,0.14097916666666666,0.14783333333333334
8240,0.1421875,0.14891666666666667
8280,0.14075,0.15008333333333335
83,0.17927083333333332,0.18333333333333332
8320,0.13983333333333334,0.15733333333333333
8360,0.14185416666666667,0.14675
84,0.18308333333333332,0.1885
840,0.14129166666666668,0.149
8400,0.13979166666666668,0.15558333333333332
8440,0.14283333333333334,0.14058333333333334
8480,0.1406875,0.15025
85,0.18347916666666667,0.18116666666666667
8520,0.14147916666666666,0.14875
8560,0.1425,0.146
86,0.1755,0.17725
8600,0.14195833333333333,0.14958333333333335
8640,0.14208333333333334,0.14875
8680,0.14060416666666667,0.14983333333333335
87,0.17908333333333334,0.18016666666666667
8720,0.14172916666666666,0.144
8760,0.14004166666666668,0.15141666666666667
88,0.17875,0.17183333333333334
880,0.14172916666666666,0.15033333333333335
8800,0.14125,0.15408333333333332
8840,0.1414375,0.14725
8880,0.14129166666666668,0.14916666666666667
89,0.1755625,0.17666666666666667
8920,0.1405625,0.15316666666666667
8960,0.1414375,0.14933333333333335
9,0.5722083333333333,0.5705833333333333
90,0.17985416666666668,0.18241666666666667
9000,0.14047916666666665,0.15291666666666667
9040,0.14083333333333334,0.15375
9080,0.14035416666666667,0.15125
91,0.17460416666666667,0.17633333333333334
91,0.17689583333333334,0.18008333333333335
9120,0.141375,0.1485
9160,0.141,0.15341666666666667
92,0.17933333333333334,0.1815
920,0.14091666666666666,0.15575
9200,0.14045833333333332,0.1525
9240,0.14116666666666666,0.14658333333333334
9280,0.13922916666666665,0.15191666666666667
93,0.17670833333333333,0.18258333333333332
9320,0.14052083333333334,0.15425
9360,0.14239583333333333,0.14941666666666667
94,0.17483333333333334,0.17066666666666666
9400,0.14041666666666666,0.15425
9440,0.1404375,0.15533333333333332
9480,0.1416875,0.14733333333333334
95,0.16945833333333332,0.16916666666666666
9520,0.14241666666666666,0.1545
9560,0.14,0.15191666666666667
96,0.174625,0.17783333333333334
960,0.14004166666666668,0.1555
9600,0.140375,0.15341666666666667
9640,0.141875,0.15075
9680,0.1415625,0.14758333333333334
97,0.1728125,0.167
9720,0.14204166666666668,0.14266666666666666
9760,0.140625,0.14891666666666667
98,0.17433333333333334,0.17975
9800,0.1421875,0.14475
9840,0.1414375,0.15066666666666667
9880,0.14260416666666667,0.1435
99,0.17133333333333334,0.16883333333333334
9960,0.1408125,0.15066666666666667
