1,0.8409791666666667,0.8356666666666667
10069,0.0063125,0.03925
101,0.5260416666666666,0.5245
10139,0.006625,0.043416666666666666
10209,0.006375,0.041416666666666664
10279,0.005895833333333334,0.03691666666666667
103,0.5307291666666667,0.5379166666666667
10349,0.005791666666666666,0.03858333333333333
1039,0.12795833333333334,0.14466666666666667
10419,0.005958333333333334,0.03925
10489,0.005666666666666667,0.03816666666666667
105,0.5089791666666666,0.5205833333333333
10559,0.005375,0.041
10629,0.005125,0.03875
10699,0.005270833333333333,0.03841666666666667
107,0.48652083333333335,0.49291666666666667
10769,0.004958333333333334,0.03866666666666667
10839,0.0049791666666666665,0.04175
109,0.5068333333333334,0.5141666666666667
10909,0.00525,0.03808333333333333
10979,0.004645833333333333,0.03858333333333333
11,0.8057916666666667,0.8010833333333334
11049,0.0048125,0.03966666666666667
1109,0.12964583333333332,0.14725
111,0.48504166666666665,0.48341666666666666
11119,0.004583333333333333,0.03825
11189,0.004833333333333334,0.03666666666666667
11259,0.004416666666666667,0.03675
113,0.50625,0.51525
11329,0.004520833333333333,0.03916666666666667
11399,0.004416666666666667,0.03858333333333333
11469,0.004083333333333333,0.03958333333333333
115,0.4964166666666667,0.493
11539,0.0040416666666666665,0.03941666666666667
11609,0.0038541666666666668,0.035
11679,0.0037916666666666667,0.03816666666666667
117,0.500375,0.5125
11749,0.0040625,0.03783333333333333
1179,0.11997916666666666,0.14008333333333334
11819,0.0037916666666666667,0.040916666666666664
11889,0.003395833333333333,0.03641666666666667
119,0.47420833333333334,0.4876666666666667
11959,0.0036666666666666666,0.04066666666666666
12029,0.0036041666666666665,0.040916666666666664
12099,0.003,0.03891666666666667
121,0.4741666666666667,0.4825833333333333
12169,0.0030416666666666665,0.041
12239,0.0036458333333333334,0.03675
123,0.455,0.4698333333333333
12309,0.003479166666666667,0.036166666666666666
12379,0.0030416666666666665,0.035833333333333335
12449,0.003375,0.034916666666666665
1249,0.11485416666666666,0.13108333333333333
125,0.492125,0.4905
12519,0.0030625,0.036833333333333336
12589,0.003,0.03833333333333333
12659,0.002479166666666667,0.03958333333333333
127,0.47122916666666664,0.48033333333333333
12729,0.0030625,0.035833333333333335
12799,0.002875,0.03758333333333334
12869,0.0025,0.036
129,0.4854583333333333,0.49375
12939,0.0027916666666666667,0.0395
13,0.7628125,0.7619166666666667
13009,0.0025,0.03841666666666667
13079,0.0025208333333333333,0.03525
13149,0.0025416666666666665,0.035083333333333334
1319,0.10864583333333333,0.12741666666666668
13219,0.0025625,0.03758333333333334
13289,0.0023333333333333335,0.035583333333333335
13359,0.002125,0.03675
13429,0.0021875,0.03866666666666667
13499,0.0020208333333333332,0.035916666666666666
13569,0.0021875,0.04
13639,0.0020208333333333332,0.03575
13709,0.0022708333333333335,0.03716666666666667
13779,0.0021458333333333334,0.036166666666666666
13849,0.0019166666666666666,0.037333333333333336
1389,0.10277083333333334,0.122
13919,0.0021458333333333334,0.03641666666666667
13989,0.0019375,0.035333333333333335
14059,0.0017708333333333332,0.035333333333333335
14129,0.0018541666666666667,0.034833333333333334
14199,0.002,0.036583333333333336
14269,0.0019166666666666666,0.0375
14339,0.0018333333333333333,0.03666666666666667
14409,0.0015416666666666667,0.036
14479,0.0014791666666666666,0.035916666666666666
14549,0.0017083333333333334,0.034916666666666665
1459,0.1,0.1255
14619,0.001625,0.036166666666666666
14689,0.0016041666666666667,0.03741666666666667
14759,0.0013541666666666667,0.037333333333333336
14829,0.001375,0.03691666666666667
14899,0.001625,0.034833333333333334
14969,0.0014166666666666668,0.03525
15,0.7508958333333333,0.7549166666666667
15039,0.0014583333333333334,0.0335
15109,0.001125,0.03283333333333333
15179,0.0013958333333333333,0.0325
15249,0.0013125,0.034583333333333334
1529,0.09814583333333333,0.11775
15319,0.0011875,0.03783333333333333
15389,0.0014375,0.034333333333333334
15459,0.0011041666666666667,0.03258333333333333
15529,0.001125,0.03675
15599,0.0009375,0.034166666666666665
15669,0.0011666666666666668,0.03825
15739,0.001125,0.035666666666666666
15809,0.0009166666666666666,0.03625
15879,0.0010625,0.03766666666666667
15949,0.0010625,0.039
1599,0.09447916666666667,0.12041666666666667
16019,0.0011041666666666667,0.035916666666666666
16089,0.0009166666666666666,0.03525
16159,0.0009791666666666666,0.037
16229,0.0007291666666666667,0.035833333333333335
16299,0.0010416666666666667,0.033666666666666664
16369,0.001,0.035583333333333335
16439,0.0008333333333333334,0.03575
16509,0.0009375,0.03425
16579,0.0007083333333333334,0.036583333333333336
16649,0.000875,0.03233333333333333
1669,0.08875,0.10816666666666666
16719,0.0007708333333333333,0.035
16789,0.0007291666666666667,0.03575
16859,0.0008333333333333334,0.035083333333333334
16929,0.0006666666666666666,0.034916666666666665
16999,0.0007916666666666666,0.03133333333333333
17,0.7590625,0.7558333333333334
17069,0.0005416666666666666,0.03525
17139,0.0007916666666666666,0.036166666666666666
17209,0.00047916666666666664,0.03425
17279,0.0008125,0.035
17349,0.00075,0.035833333333333335
1739,0.08529166666666667,0.10333333333333333
17419,0.0006666666666666666,0.036
17489,0.0005625,0.0335
17559,0.0005416666666666666,0.03358333333333333
17629,0.0006041666666666667,0.036083333333333335
17699,0.0005416666666666666,0.034333333333333334
17769,0.0004166666666666667,0.037083333333333336
17839,0.0004375,0.0375
17909,0.0003333333333333333,0.036333333333333336
17979,0.0005,0.035583333333333335
18049,0.0005833333333333334,0.035083333333333334
1809,0.0836875,0.09933333333333333
18119,0.0005,0.03175
18189,0.0005416666666666666,0.035666666666666666
18259,0.0004166666666666667,0.033416666666666664
18329,0.00047916666666666664,0.03358333333333333
18399,0.00025,0.035333333333333335
18469,0.0003541666666666667,0.0345
18539,0.0003958333333333333,0.034416666666666665
18609,0.00047916666666666664,0.035083333333333334
18679,0.0003125,0.0385
18749,0.000375,0.035333333333333335
1879,0.08147916666666667,0.10575
18819,0.0003958333333333333,0.037083333333333336
18959,0.0002916666666666667,0.034833333333333334
19,0.7552916666666667,0.7555833333333334
19029,0.0004166666666666667,0.03358333333333333
19099,0.0003125,0.033416666666666664
19169,0.0002708333333333333,0.034666666666666665
19309,0.0003333333333333333,0.0355
19379,0.00025,0.03216666666666667
19449,0.0002916666666666667,0.03525
1949,0.07545833333333334,0.09533333333333334
19589,0.0003125,0.03333333333333333
19659,0.0001875,0.034583333333333334
19729,0.0002708333333333333,0.0345
19799,0.0003125,0.034666666666666665
19869,0.0002916666666666667,0.037083333333333336
199,0.40066666666666667,0.40108333333333335
19939,0.0002708333333333333,0.03575
20009,0.0003125,0.0365
20079,0.00020833333333333335,0.03358333333333333
2019,0.0745,0.09633333333333334
20219,0.00016666666666666666,0.0345
20359,0.00022916666666666666,0.035583333333333335
20429,0.0001875,0.0355
20499,0.0001875,0.033666666666666664
20639,0.00022916666666666666,0.03158333333333333
20709,0.00020833333333333335,0.035583333333333335
20779,0.0001875,0.03675
20849,0.0001875,0.035083333333333334
2089,0.0725,0.10041666666666667
20919,0.00014583333333333335,0.032916666666666664
20989,0.00020833333333333335,0.035333333333333335
21,0.7388541666666667,0.738
21129,0.00016666666666666666,0.035416666666666666
21339,0.0001875,0.03791666666666667
21409,0.00016666666666666666,0.034833333333333334
21479,0.00020833333333333335,0.0345
21549,6.25e-05,0.03308333333333333
2159,0.0683125,0.09091666666666667
21619,0.000125,0.03383333333333333
21759,0.0001875,0.03866666666666667
21899,0.000125,0.034833333333333334
22039,8.333333333333333e-05,0.035
22109,8.333333333333333e-05,0.034666666666666665
22179,0.000125,0.035333333333333335
22249,0.000125,0.035916666666666666
2229,0.06804166666666667,0.09316666666666666
22319,6.25e-05,0.035583333333333335
2299,0.066625,0.088
23,0.7159375,0.7191666666666666
23000,4.1666666666666665e-05,0.036833333333333336
2369,0.06283333333333334,0.08558333333333333
2439,0.061875,0.08408333333333333
25,0.7302291666666667,0.7355833333333334
2509,0.058708333333333335,0.08233333333333333
2579,0.058729166666666666,0.08791666666666667
2649,0.05675,0.08166666666666667
269,0.33791666666666664,0.3478333333333333
27,0.7113125,0.719
2719,0.052625,0.07875
2789,0.053625,0.08033333333333334
2859,0.05266666666666667,0.07825
29,0.6999375,0.6998333333333333
2929,0.051479166666666666,0.07858333333333334
2999,0.050333333333333334,0.07391666666666667
3,0.8564791666666667,0.8605833333333334
3069,0.0496875,0.07275
31,0.6886041666666667,0.69775
3139,0.0489375,0.07
3209,0.04685416666666667,0.07158333333333333
3279,0.04497916666666667,0.06716666666666667
33,0.6882083333333333,0.685
3349,0.045145833333333336,0.06591666666666667
339,0.3034791666666667,0.3115833333333333
3419,0.0440625,0.0675
3489,0.042333333333333334,0.07083333333333333
35,0.6568958333333333,0.6598333333333334
3559,0.04058333333333333,0.06808333333333333
3629,0.03970833333333333,0.06816666666666667
3699,0.03910416666666667,0.06583333333333333
37,0.6992708333333333,0.6953333333333334
3769,0.03827083333333333,0.06833333333333333
3839,0.03745833333333334,0.0645
39,0.672375,0.6748333333333333
3909,0.037083333333333336,0.06541666666666666
3979,0.03666666666666667,0.060583333333333336
4049,0.035083333333333334,0.0675
409,0.257875,0.27066666666666667
41,0.6374583333333333,0.6424166666666666
4119,0.035125,0.0645
4189,0.03327083333333333,0.06216666666666667
4259,0.0323125,0.06141666666666667
43,0.6722916666666666,0.6735
4329,0.03127083333333333,0.0615
4399,0.033125,0.06041666666666667
4469,0.030895833333333334,0.06216666666666667
45,0.6416041666666666,0.647
4539,0.02975,0.06175
4609,0.029770833333333333,0.05433333333333333
4679,0.029729166666666668,0.05991666666666667
47,0.65475,0.6614166666666667
4749,0.028708333333333332,0.060833333333333336
479,0.2350625,0.24533333333333332
4819,0.027666666666666666,0.056666666666666664
4889,0.028229166666666666,0.06233333333333333
49,0.622125,0.6185
4959,0.027541666666666666,0.05466666666666667
5,0.8321458333333334,0.8381666666666666
5029,0.025541666666666667,0.05658333333333333
5099,0.025125,0.05341666666666667
51,0.6589375,0.6589166666666667
5169,0.024479166666666666,0.05725
5239,0.024895833333333332,0.05608333333333333
53,0.616875,0.6191666666666666
5309,0.023958333333333335,0.05658333333333333
5379,0.024083333333333335,0.05266666666666667
5449,0.023458333333333335,0.05316666666666667
549,0.20614583333333333,0.2235
55,0.612,0.61225
5519,0.022541666666666668,0.04875
5589,0.0219375,0.05366666666666667
5659,0.0225,0.051833333333333335
57,0.6286666666666667,0.62925
5729,0.0211875,0.05216666666666667
5799,0.021,0.0515
5869,0.021229166666666667,0.05483333333333333
59,0.6061875,0.6113333333333333
5939,0.0205625,0.050916666666666666
6009,0.0206875,0.051083333333333335
6079,0.0186875,0.05308333333333334
61,0.6024583333333333,0.6015833333333334
6149,0.019833333333333335,0.0505
619,0.196625,0.212
6219,0.01872916666666667,0.051333333333333335
6289,0.018083333333333333,0.050083333333333334
63,0.6047708333333334,0.6139166666666667
6359,0.01885416666666667,0.049416666666666664
6429,0.0176875,0.044833333333333336
6499,0.017833333333333333,0.05275
65,0.565,0.56675
6569,0.017416666666666667,0.04758333333333333
6639,0.016416666666666666,0.048666666666666664
67,0.5876458333333333,0.5908333333333333
6709,0.016520833333333332,0.0525
6779,0.015708333333333335,0.04691666666666667
6849,0.01639583333333333,0.0475
689,0.178125,0.19416666666666665
69,0.5775208333333334,0.582
6919,0.015083333333333334,0.04816666666666667
6989,0.014875,0.0445
7,0.789625,0.7926666666666666
7059,0.014125,0.05075
71,0.5949375,0.596
7129,0.014875,0.04633333333333333
7199,0.014,0.050166666666666665
7269,0.015270833333333334,0.04575
73,0.5855625,0.5863333333333334
7339,0.013479166666666667,0.04475
7409,0.01375,0.048916666666666664
7479,0.013020833333333334,0.04516666666666667
75,0.5572708333333334,0.5634166666666667
7549,0.012854166666666667,0.04658333333333333
759,0.1710625,0.18758333333333332
7619,0.012354166666666666,0.04558333333333333
7689,0.012020833333333333,0.04575
77,0.5684166666666667,0.5729166666666666
7759,0.011979166666666667,0.04516666666666667
7829,0.01225,0.04375
7899,0.010958333333333334,0.043416666666666666
79,0.55475,0.5595833333333333
7969,0.011479166666666667,0.04583333333333333
8039,0.011354166666666667,0.04491666666666667
81,0.540375,0.5445833333333333
8109,0.010708333333333334,0.0435
8179,0.010854166666666666,0.043666666666666666
8249,0.010291666666666666,0.043083333333333335
829,0.1590625,0.17566666666666667
83,0.5741041666666666,0.581
8319,0.010145833333333333,0.04325
8389,0.010625,0.040916666666666664
8459,0.009416666666666667,0.04591666666666667
85,0.5310833333333334,0.5323333333333333
8529,0.010229166666666666,0.043666666666666666
8599,0.0094375,0.045083333333333336
8669,0.009125,0.043833333333333335
87,0.5232291666666666,0.5330833333333334
8739,0.009479166666666667,0.04375
8809,0.009583333333333333,0.042083333333333334
8879,0.0089375,0.042833333333333334
89,0.5414375,0.5454166666666667
8949,0.0085,0.042166666666666665
899,0.14804166666666665,0.16641666666666666
9,0.8107291666666666,0.8121666666666667
9019,0.008708333333333334,0.042833333333333334
9089,0.0085625,0.041166666666666664
91,0.5295,0.5380833333333334
9159,0.008354166666666666,0.043083333333333335
9229,0.0083125,0.04083333333333333
9299,0.0083125,0.044333333333333336
93,0.5348125,0.5425833333333333
9369,0.007333333333333333,0.04
9439,0.007333333333333333,0.042166666666666665
95,0.5314166666666666,0.5379166666666667
9509,0.0071875,0.0435
9579,0.007125,0.03891666666666667
9649,0.007416666666666667,0.035583333333333335
969,0.14154166666666668,0.15658333333333332
97,0.5354166666666667,0.5416666666666666
9719,0.0069791666666666665,0.0395
9789,0.006895833333333334,0.042166666666666665
9859,0.006416666666666667,0.042583333333333334
99,0.5108958333333333,0.5194166666666666
9929,0.007145833333333333,0.0425
9999,0.005916666666666666,0.04108333333333333
